2463.3 0
2463.34 0
2463.37 0
2463.41 0
2463.44 0
2463.48 0
2463.51 1.70925e-304
2463.55 1.12403e-301
2463.58 7.16885e-299
2463.62 4.43426e-296
2463.65 2.66007e-293
2463.69 1.54763e-290
2463.72 8.73251e-288
2463.76 4.77872e-285
2463.79 2.53621e-282
2463.83 1.30544e-279
2463.86 6.51675e-277
2463.89 3.15504e-274
2463.93 1.48142e-271
2463.97 6.74609e-269
2464 2.97938e-266
2464.04 1.27615e-263
2464.07 5.3012e-261
2464.11 2.13574e-258
2464.14 8.34495e-256
2464.18 3.16227e-253
2464.21 1.16218e-250
2464.25 4.14237e-248
2464.28 1.43194e-245
2464.32 4.80064e-243
2464.35 1.5609e-240
2464.39 4.9221e-238
2464.42 1.50531e-235
2464.46 4.46481e-233
2464.49 1.28434e-230
2464.53 3.58307e-228
2464.56 9.69466e-226
2464.6 2.54396e-223
2464.63 6.47421e-221
2464.66 1.59795e-218
2464.7 3.82509e-216
2464.74 8.88012e-214
2464.77 1.99939e-211
2464.81 4.36591e-209
2464.84 9.24597e-207
2464.88 1.89903e-204
2464.91 3.78277e-202
2464.95 7.30783e-200
2464.98 1.3692e-197
2465.02 2.48798e-195
2465.05 4.38455e-193
2465.09 7.49385e-191
2465.12 1.24218e-188
2465.16 1.99694e-186
2465.19 3.11347e-184
2465.23 4.70787e-182
2465.26 6.90407e-180
2465.3 9.81942e-178
2465.33 1.35446e-175
2465.37 1.81196e-173
2465.4 2.35087e-171
2465.44 2.95809e-169
2465.47 3.60988e-167
2465.51 4.27243e-165
2465.54 4.90407e-163
2465.58 5.45933e-161
2465.61 5.89416e-159
2465.64 6.1717e-157
2465.68 6.26741e-155
2465.72 6.17265e-153
2465.75 5.89597e-151
2465.79 5.46184e-149
2465.82 4.90708e-147
2465.86 4.2757e-145
2465.89 3.6132e-143
2465.93 2.96127e-141
2465.96 2.35376e-139
2466 1.81446e-137
2466.03 1.35655e-135
2466.07 9.83604e-134
2466.1 6.91683e-132
2466.14 4.7173e-130
2466.17 3.12019e-128
2466.21 2.00156e-126
2466.24 1.24525e-124
2466.28 7.51355e-123
2466.31 4.39677e-121
2466.35 2.4953e-119
2466.38 1.37345e-117
2466.41 7.33167e-116
2466.45 3.79572e-114
2466.49 1.90583e-112
2466.52 9.28061e-111
2466.56 4.38297e-109
2466.59 2.00753e-107
2466.62 8.91774e-106
2466.66 3.84193e-104
2466.7 1.60525e-102
2466.73 6.50488e-101
2466.77 2.55644e-99
2466.8 9.7439e-98
2466.84 3.60189e-96
2466.87 1.29131e-94
2466.91 4.48982e-93
2466.94 1.51401e-91
2466.98 4.95145e-90
2467.01 1.57049e-88
2467.05 4.83103e-87
2467.08 1.44127e-85
2467.12 4.17015e-84
2467.15 1.1702e-82
2467.19 3.18472e-81
2467.22 8.40587e-80
2467.26 2.15177e-78
2467.29 5.3421e-77
2467.33 1.28626e-75
2467.36 3.00365e-74
2467.39 6.80255e-73
2467.43 1.49416e-71
2467.47 3.18291e-70
2467.5 6.5759e-69
2467.54 1.31762e-67
2467.57 2.56051e-66
2467.61 4.82578e-65
2467.64 8.82089e-64
2467.68 1.56373e-62
2467.71 2.68853e-61
2467.75 4.48306e-60
2467.78 7.25e-59
2467.82 1.13712e-57
2467.85 1.72975e-56
2467.89 2.55192e-55
2467.92 3.65138e-54
2467.96 5.06704e-53
2467.99 6.81963e-52
2468.03 8.90176e-51
2468.06 1.12694e-49
2468.1 1.38368e-48
2468.13 1.64772e-47
2468.16 1.90302e-46
2468.2 2.13165e-45
2468.24 2.3158e-44
2468.27 2.44008e-43
2468.31 2.49358e-42
2468.34 2.4715e-41
2468.38 2.37584e-40
2468.41 2.21512e-39
2468.45 2.00308e-38
2468.48 1.75681e-37
2468.52 1.49444e-36
2468.55 1.23299e-35
2468.59 9.86673e-35
2468.62 7.6581e-34
2468.66 5.76509e-33
2468.69 4.20951e-32
2468.73 2.98126e-31
2468.76 2.04793e-30
2468.8 1.36452e-29
2468.83 8.81865e-29
2468.87 5.52819e-28
2468.9 3.36146e-27
2468.94 1.98264e-26
2468.97 1.13432e-25
2469.01 6.29517e-25
2469.04 3.38898e-24
2469.08 1.76981e-23
2469.11 8.96579e-23
2469.14 4.40619e-22
2469.18 2.10068e-21
2469.22 9.71599e-21
2469.25 4.35971e-20
2469.29 1.89794e-19
2469.32 8.0163e-19
2469.36 3.28508e-18
2469.39 1.30621e-17
2469.43 5.0395e-17
2469.46 1.88664e-16
2469.5 6.85388e-16
2469.53 2.41628e-15
2469.57 8.26685e-15
2469.6 2.74498e-14
2469.64 8.84637e-14
2469.67 2.76722e-13
2469.71 8.40236e-13
2469.74 2.47665e-12
2469.78 7.08697e-12
2469.81 1.96889e-11
2469.85 5.31103e-11
2469.88 1.39112e-10
2469.91 3.53845e-10
2469.95 8.74101e-10
2469.99 2.09723e-09
2470.02 4.8877e-09
2470.06 1.10656e-08
2470.09 2.43389e-08
2470.12 5.20141e-08
2470.16 1.08013e-07
2470.2 2.17976e-07
2470.23 4.27526e-07
2470.27 8.15042e-07
2470.3 1.51044e-06
2470.34 2.72132e-06
2470.37 4.76705e-06
2470.41 8.12011e-06
2470.44 1.34512e-05
2470.48 2.16718e-05
2470.51 3.39639e-05
2470.55 5.17822e-05
2470.58 7.68146e-05
2470.62 0.000110885
2470.65 0.000155792
2470.69 0.000213078
2470.72 0.000283766
2470.76 0.000368063
2470.79 0.000465121
2470.83 0.00057287
2470.86 0.000688005
2470.89 0.000806141
2470.93 0.000922145
2470.97 0.00103061
2471 0.00112641
2471.04 0.00120522
2471.07 0.00126401
2471.11 0.00130123
2471.14 0.00131695
2471.18 0.00131264
2471.21 0.00129095
2471.25 0.00125524
2471.28 0.00120928
2471.32 0.00115686
2471.35 0.00110155
2471.39 0.0010466
2471.42 0.000994864
2471.46 0.000948821
2471.49 0.000910637
2471.53 0.000882233
2471.56 0.000865379
2471.6 0.000861782
2471.63 0.000873172
2471.66 0.000901381
2471.7 0.000948366
2471.74 0.00101618
2471.77 0.00110687
2471.81 0.00122226
2471.84 0.00136372
2471.88 0.00153186
2471.91 0.00172626
2471.95 0.00194529
2471.98 0.00218604
2472.02 0.00244444
2472.05 0.00271552
2472.09 0.00299388
2472.12 0.00327411
2472.16 0.0035513
2472.19 0.0038213
2472.23 0.00408086
2472.26 0.00432739
2472.3 0.00455853
2472.33 0.00477158
2472.37 0.00496291
2472.4 0.00512768
2472.44 0.0052598
2472.47 0.0053525
2472.51 0.00539916
2472.54 0.00539448
2472.58 0.00533562
2472.61 0.0052231
2472.64 0.00506123
2472.68 0.00485795
2472.72 0.00462413
2472.75 0.00437245
2472.79 0.00411612
2472.82 0.00386756
2472.86 0.00363744
2472.89 0.00343393
2472.93 0.00326245
2472.96 0.0031257
2473 0.00302393
2473.03 0.00295539
2473.07 0.00291682
2473.1 0.00290389
2473.14 0.00291163
2473.17 0.00293475
2473.21 0.00296791
2473.24 0.00300594
2473.28 0.00304401
2473.31 0.00307778
2473.35 0.00310358
2473.38 0.00311856
2473.41 0.00312081
2473.45 0.00310948
2473.49 0.00308474
2473.52 0.00304773
2473.56 0.00300032
2473.59 0.00294481
2473.62 0.00288362
2473.66 0.00281897
2473.7 0.00275256
2473.73 0.00268549
2473.77 0.00261816
2473.8 0.00255041
2473.84 0.00248167
2473.87 0.00241116
2473.91 0.0023381
2473.94 0.00226184
2473.98 0.00218198
2474.01 0.00209831
2474.05 0.00201088
2474.08 0.0019199
2474.12 0.0018258
2474.15 0.0017292
2474.19 0.00163098
2474.22 0.0015323
2474.26 0.00143463
2474.29 0.00133964
2474.33 0.0012491
2474.36 0.00116472
2474.39 0.00108793
2474.43 0.00101978
2474.47 0.000960757
2474.5 0.000910821
2474.54 0.000869418
2474.57 0.000835604
2474.61 0.000808204
2474.64 0.000785964
2474.68 0.0007677
2474.71 0.000752398
2474.75 0.000739272
2474.78 0.000727773
2474.82 0.000717559
2474.85 0.00070845
2474.89 0.000700361
2474.92 0.000693249
2474.96 0.000687063
2474.99 0.000681715
2475.03 0.000677063
2475.06 0.000672911
2475.1 0.000669024
2475.13 0.000665147
2475.16 0.000661037
2475.2 0.000656489
2475.24 0.000651366
2475.27 0.000645623
2475.31 0.000639318
2475.34 0.000632612
2475.38 0.000625761
2475.41 0.000619091
2475.45 0.000612969
2475.48 0.000607773
2475.52 0.000603855
2475.55 0.000601519
2475.59 0.000600999
2475.62 0.000602452
2475.66 0.000605951
2475.69 0.000611491
2475.73 0.000618995
2475.76 0.000628328
2475.8 0.00063931
2475.83 0.000651723
2475.87 0.000665329
2475.9 0.000679881
2475.94 0.000695131
2475.97 0.000710844
2476.01 0.000726806
2476.04 0.000742835
2476.08 0.000758787
2476.11 0.000774558
2476.14 0.000790085
2476.18 0.000805337
2476.22 0.000820308
2476.25 0.000834995
2476.29 0.00084939
2476.32 0.000863466
2476.36 0.000877169
2476.39 0.000890418
2476.43 0.000903117
2476.46 0.000915163
2476.5 0.000926469
2476.53 0.000936975
2476.57 0.000946662
2476.6 0.000955558
2476.64 0.000963735
2476.67 0.000971302
2476.71 0.000978386
2476.74 0.000985118
2476.78 0.00099161
2476.81 0.000997948
2476.85 0.00100418
2476.88 0.0010103
2476.91 0.00101627
2476.95 0.00102203
2476.99 0.00102749
2477.02 0.00103256
2477.06 0.00103715
2477.09 0.00104119
2477.12 0.00104466
2477.16 0.00104756
2477.2 0.00104992
2477.23 0.00105182
2477.27 0.00105339
2477.3 0.00105477
2477.34 0.0010561
2477.37 0.00105757
2477.41 0.0010593
2477.44 0.00106143
2477.48 0.00106404
2477.51 0.00106715
2477.55 0.00107075
2477.58 0.00107476
2477.62 0.00107909
2477.65 0.00108359
2477.69 0.00108815
2477.72 0.00109263
2477.76 0.00109695
2477.79 0.00110107
2477.83 0.00110499
2477.86 0.00110876
2477.89 0.00111246
2477.93 0.00111619
2477.97 0.00112007
2478 0.0011242
2478.04 0.00112864
2478.07 0.00113343
2478.11 0.00113857
2478.14 0.00114403
2478.18 0.00114973
2478.21 0.00115561
2478.25 0.00116156
2478.28 0.00116751
2478.32 0.00117338
2478.35 0.00117912
2478.39 0.0011847
2478.42 0.00119007
2478.46 0.00119521
2478.49 0.0012001
2478.53 0.00120469
2478.56 0.00120893
2478.6 0.00121276
2478.63 0.00121608
2478.66 0.00121879
2478.7 0.00122081
2478.74 0.00122204
2478.77 0.00122242
2478.81 0.0012219
2478.84 0.00122048
2478.88 0.00121818
2478.91 0.00121507
2478.95 0.0012112
2478.98 0.00120669
2479.02 0.00120161
2479.05 0.00119605
2479.09 0.00119008
2479.12 0.00118373
2479.16 0.00117705
2479.19 0.00117005
2479.23 0.00116275
2479.26 0.00115519
2479.3 0.00114739
2479.33 0.00113944
2479.37 0.0011314
2479.4 0.00112337
2479.44 0.00111545
2479.47 0.00110773
2479.51 0.00110031
2479.54 0.00109326
2479.58 0.00108662
2479.61 0.00108044
2479.64 0.00107473
2479.68 0.00106954
2479.72 0.00106487
2479.75 0.00106075
2479.79 0.00105721
2479.82 0.00105428
2479.86 0.00105198
2479.89 0.00105033
2479.93 0.00104934
2479.96 0.00104898
2480 0.00104922
2480.03 0.00105003
2480.07 0.00105133
2480.1 0.00105308
2480.14 0.00105521
2480.17 0.00105767
2480.21 0.00106041
2480.24 0.00106341
2480.28 0.00106664
2480.31 0.00107007
2480.35 0.00107368
2480.38 0.00107747
2480.41 0.0010814
2480.45 0.00108546
2480.49 0.00108962
2480.52 0.00109386
2480.56 0.00109814
2480.59 0.00110244
2480.62 0.00110673
2480.66 0.00111097
2480.7 0.00111514
2480.73 0.00111919
2480.77 0.00112309
2480.8 0.00112679
2480.84 0.00113024
2480.87 0.0011334
2480.91 0.00113621
2480.94 0.00113863
2480.98 0.00114062
2481.01 0.00114216
2481.05 0.00114321
2481.08 0.00114376
2481.12 0.0011438
2481.15 0.00114331
2481.19 0.00114228
2481.22 0.00114069
2481.26 0.00113852
2481.29 0.00113577
2481.33 0.00113243
2481.36 0.00112851
2481.39 0.00112404
2481.43 0.00111905
2481.47 0.00111362
2481.5 0.00110783
2481.54 0.00110177
2481.57 0.00109557
2481.61 0.00108936
2481.64 0.00108325
2481.68 0.00107737
2481.71 0.00107185
2481.75 0.00106676
2481.78 0.0010622
2481.82 0.00105821
2481.85 0.00105482
2481.89 0.00105202
2481.92 0.00104981
2481.96 0.00104812
2481.99 0.00104693
2482.03 0.00104616
2482.06 0.00104574
2482.1 0.00104561
2482.13 0.00104568
2482.16 0.0010459
2482.2 0.00104617
2482.24 0.00104644
2482.27 0.00104662
2482.31 0.00104666
2482.34 0.00104649
2482.38 0.00104609
2482.41 0.0010454
2482.45 0.00104441
2482.48 0.0010431
2482.52 0.00104146
2482.55 0.00103949
2482.59 0.0010372
2482.62 0.00103459
2482.66 0.00103168
2482.69 0.00102851
2482.73 0.00102512
2482.76 0.00102157
2482.8 0.00101791
2482.83 0.00101423
2482.87 0.00101058
2482.9 0.00100704
2482.94 0.00100366
2482.97 0.00100048
2483.01 0.00099753
2483.04 0.000994818
2483.08 0.000992345
2483.11 0.000990099
2483.14 0.000988065
2483.18 0.00098623
2483.22 0.000984588
2483.25 0.00098314
2483.29 0.000981895
2483.32 0.000980867
2483.36 0.000980072
2483.39 0.00097952
2483.43 0.000979215
2483.46 0.000979152
2483.5 0.000979318
2483.53 0.000979699
2483.57 0.000980282
2483.6 0.000981062
2483.64 0.000982046
2483.67 0.000983255
2483.71 0.000984718
2483.74 0.000986471
2483.78 0.000988547
2483.81 0.000990968
2483.85 0.000993739
2483.88 0.000996838
2483.91 0.00100022
2483.95 0.00100381
2483.99 0.0010075
2484.02 0.0010112
2484.06 0.00101477
2484.09 0.00101809
2484.12 0.00102107
2484.16 0.0010236
2484.2 0.00102563
2484.23 0.0010271
2484.27 0.00102802
2484.3 0.00102838
2484.34 0.00102821
2484.37 0.00102758
2484.41 0.00102652
2484.44 0.00102513
2484.48 0.00102348
2484.51 0.00102166
2484.55 0.00101976
2484.58 0.00101786
2484.62 0.00101608
2484.65 0.00101448
2484.69 0.00101317
2484.72 0.0010122
2484.76 0.00101166
2484.79 0.00101157
2484.83 0.00101197
2484.86 0.00101288
2484.89 0.00101429
2484.93 0.00101616
2484.97 0.00101845
2485 0.0010211
2485.04 0.00102404
2485.07 0.00102716
2485.11 0.00103039
2485.14 0.00103363
2485.18 0.0010368
2485.21 0.00103983
2485.25 0.00104267
2485.28 0.00104529
2485.32 0.00104766
2485.35 0.0010498
2485.39 0.00105172
2485.42 0.00105344
2485.46 0.00105499
2485.49 0.00105638
2485.53 0.00105764
2485.56 0.00105879
2485.6 0.00105983
2485.63 0.0010608
2485.66 0.0010617
2485.7 0.00106258
2485.74 0.00106346
2485.77 0.00106439
2485.81 0.00106541
2485.84 0.00106658
2485.88 0.00106791
2485.91 0.00106945
2485.95 0.0010712
2485.98 0.00107315
2486.02 0.00107528
2486.05 0.00107756
2486.09 0.00107993
2486.12 0.00108235
2486.16 0.00108474
2486.19 0.00108707
2486.23 0.00108928
2486.26 0.00109133
2486.3 0.00109319
2486.33 0.00109484
2486.37 0.00109627
2486.4 0.00109747
2486.44 0.00109848
2486.47 0.00109931
2486.51 0.00110003
2486.54 0.0011007
2486.58 0.00110141
2486.61 0.00110224
2486.64 0.00110327
2486.68 0.00110459
2486.72 0.00110626
2486.75 0.00110832
2486.79 0.00111077
2486.82 0.00111361
2486.86 0.0011168
2486.89 0.00112028
2486.93 0.00112399
2486.96 0.00112786
2487 0.00113181
2487.03 0.00113577
2487.07 0.00113965
2487.1 0.00114338
2487.14 0.00114689
2487.17 0.00115009
2487.21 0.00115292
2487.24 0.0011553
2487.28 0.0011572
2487.31 0.00115859
2487.35 0.00115947
2487.38 0.00115989
2487.41 0.00115992
2487.45 0.00115968
2487.49 0.0011593
2487.52 0.00115895
2487.56 0.00115878
2487.59 0.00115894
2487.62 0.00115956
2487.66 0.00116073
2487.7 0.0011625
2487.73 0.00116486
2487.77 0.00116775
2487.8 0.00117109
2487.84 0.00117474
2487.87 0.00117856
2487.91 0.00118239
2487.94 0.00118609
2487.98 0.00118954
2488.01 0.00119266
2488.05 0.0011954
2488.08 0.00119776
2488.12 0.00119976
2488.15 0.00120145
2488.19 0.00120291
2488.22 0.00120421
2488.26 0.00120542
2488.29 0.00120658
2488.33 0.00120772
2488.36 0.00120885
2488.39 0.00120994
2488.43 0.00121097
2488.47 0.0012119
2488.5 0.00121271
2488.54 0.00121336
2488.57 0.00121383
2488.61 0.00121412
2488.64 0.00121421
2488.68 0.00121412
2488.71 0.00121385
2488.75 0.00121341
2488.78 0.00121282
2488.82 0.00121208
2488.85 0.00121121
2488.89 0.00121021
2488.92 0.00120911
2488.96 0.00120792
2488.99 0.00120666
2489.03 0.00120536
2489.06 0.00120404
2489.1 0.00120273
2489.13 0.00120146
2489.16 0.00120026
2489.2 0.00119914
2489.24 0.00119811
2489.27 0.00119717
2489.31 0.00119633
2489.34 0.00119556
2489.38 0.00119485
2489.41 0.00119417
2489.45 0.0011935
2489.48 0.00119283
2489.52 0.00119217
2489.55 0.00119152
2489.59 0.00119091
2489.62 0.00119037
2489.66 0.00118993
2489.69 0.00118963
2489.73 0.00118948
2489.76 0.00118949
2489.8 0.00118964
2489.83 0.00118993
2489.87 0.0011903
2489.9 0.00119072
2489.94 0.00119114
2489.97 0.00119152
2490.01 0.00119182
2490.04 0.00119205
2490.08 0.00119219
2490.11 0.00119225
2490.14 0.00119227
2490.18 0.00119227
2490.22 0.0011923
2490.25 0.00119238
2490.29 0.00119255
2490.32 0.00119281
2490.36 0.00119319
2490.39 0.00119366
2490.43 0.00119421
2490.46 0.00119483
2490.5 0.00119548
2490.53 0.00119612
2490.57 0.00119675
2490.6 0.00119732
2490.64 0.00119782
2490.67 0.00119825
2490.71 0.00119858
2490.74 0.00119883
2490.78 0.00119899
2490.81 0.00119906
2490.85 0.00119907
2490.88 0.00119902
2490.91 0.00119894
2490.95 0.00119884
2490.99 0.00119876
2491.02 0.00119872
2491.06 0.00119874
2491.09 0.00119885
2491.12 0.00119904
2491.16 0.00119931
2491.2 0.00119966
2491.23 0.00120004
2491.27 0.00120043
2491.3 0.00120077
2491.34 0.00120101
2491.37 0.0012011
2491.41 0.00120099
2491.44 0.00120064
2491.48 0.00120003
2491.51 0.00119917
2491.55 0.00119806
2491.58 0.00119674
2491.62 0.00119525
2491.65 0.00119364
2491.69 0.00119198
2491.72 0.00119034
2491.76 0.00118878
2491.79 0.00118737
2491.83 0.00118617
2491.86 0.00118522
2491.89 0.00118454
2491.93 0.00118415
2491.97 0.00118403
2492 0.00118415
2492.04 0.00118447
2492.07 0.00118493
2492.11 0.00118549
2492.14 0.00118607
2492.18 0.00118663
2492.21 0.00118712
2492.25 0.00118751
2492.28 0.00118778
2492.32 0.00118789
2492.35 0.00118783
2492.39 0.0011876
2492.42 0.00118719
2492.46 0.0011866
2492.49 0.00118583
2492.53 0.0011849
2492.56 0.00118384
2492.6 0.00118266
2492.63 0.0011814
2492.66 0.0011801
2492.7 0.00117879
2492.74 0.0011775
2492.77 0.00117626
2492.81 0.00117509
2492.84 0.00117399
2492.88 0.00117296
2492.91 0.00117199
2492.95 0.00117105
2492.98 0.00117012
2493.02 0.00116916
2493.05 0.00116813
2493.09 0.00116703
2493.12 0.00116581
2493.16 0.00116449
2493.19 0.00116305
2493.23 0.00116153
2493.26 0.00115995
2493.3 0.00115835
2493.33 0.00115676
2493.37 0.00115524
2493.4 0.00115382
2493.44 0.00115253
2493.47 0.0011514
2493.51 0.00115044
2493.54 0.00114965
2493.58 0.00114901
2493.61 0.00114851
2493.64 0.0011481
2493.68 0.00114776
2493.72 0.00114744
2493.75 0.00114711
2493.79 0.00114674
2493.82 0.0011463
2493.86 0.00114578
2493.89 0.00114517
2493.93 0.00114448
2493.96 0.00114372
2494 0.0011429
2494.03 0.00114204
2494.07 0.00114116
2494.1 0.00114027
2494.14 0.00113938
2494.17 0.0011385
2494.21 0.00113764
2494.24 0.0011368
2494.28 0.00113599
2494.31 0.00113522
2494.35 0.0011345
2494.38 0.00113381
2494.41 0.00113318
2494.45 0.00113259
2494.49 0.00113204
2494.52 0.00113153
2494.56 0.00113103
2494.59 0.00113053
2494.62 0.00113001
2494.66 0.00112945
2494.7 0.00112885
2494.73 0.00112821
2494.77 0.00112753
2494.8 0.00112685
2494.84 0.00112617
2494.87 0.00112555
2494.91 0.00112501
2494.94 0.00112459
2494.98 0.00112432
2495.01 0.00112422
2495.05 0.00112431
2495.08 0.00112459
2495.12 0.00112504
2495.15 0.00112567
2495.19 0.00112643
2495.22 0.00112731
2495.26 0.00112826
2495.29 0.00112925
2495.33 0.00113024
2495.36 0.00113119
2495.39 0.00113206
2495.43 0.00113282
2495.47 0.00113345
2495.5 0.00113393
2495.54 0.00113426
2495.57 0.00113445
2495.61 0.00113449
2495.64 0.00113441
2495.68 0.00113421
2495.71 0.0011339
2495.75 0.0011335
2495.78 0.001133
2495.82 0.00113241
2495.85 0.00113174
2495.89 0.001131
2495.92 0.00113022
2495.96 0.00112943
2495.99 0.00112865
2496.03 0.00112792
2496.06 0.00112729
2496.1 0.00112679
2496.13 0.00112644
2496.16 0.00112625
2496.2 0.00112622
2496.24 0.00112635
2496.27 0.00112661
2496.31 0.00112696
2496.34 0.00112735
2496.38 0.00112774
2496.41 0.00112808
2496.45 0.00112831
2496.48 0.00112839
2496.52 0.00112827
2496.55 0.00112794
2496.59 0.00112737
2496.62 0.00112656
2496.66 0.00112554
2496.69 0.00112433
2496.73 0.00112297
2496.76 0.00112151
2496.8 0.00112
2496.83 0.00111849
2496.87 0.00111702
2496.9 0.00111563
2496.94 0.00111436
2496.97 0.00111322
2497.01 0.00111224
2497.04 0.00111142
2497.08 0.00111078
2497.11 0.00111031
2497.14 0.00111002
2497.18 0.0011099
2497.22 0.00110993
2497.25 0.0011101
2497.29 0.00111038
2497.32 0.00111075
2497.36 0.00111115
2497.39 0.00111154
2497.43 0.00111188
2497.46 0.00111212
2497.5 0.00111221
2497.53 0.0011121
2497.57 0.00111178
2497.6 0.00111121
2497.64 0.0011104
2497.67 0.00110934
2497.71 0.00110807
2497.74 0.0011066
2497.78 0.00110497
2497.81 0.00110321
2497.85 0.00110138
2497.88 0.0010995
2497.91 0.00109761
2497.95 0.00109576
2497.99 0.00109396
2498.02 0.00109225
2498.06 0.00109064
2498.09 0.00108915
2498.12 0.00108779
2498.16 0.00108656
2498.2 0.00108546
2498.23 0.00108448
2498.27 0.00108362
