2463.3 0
2463.34 0
2463.37 0
2463.41 0
2463.44 0
2463.48 8.0346e-305
2463.51 5.30931e-302
2463.55 3.40261e-299
2463.58 2.11488e-296
2463.62 1.27485e-293
2463.65 7.45303e-291
2463.69 4.22578e-288
2463.72 2.32371e-285
2463.76 1.23924e-282
2463.79 6.40959e-280
2463.83 3.21517e-277
2463.86 1.56415e-274
2463.89 7.37996e-272
2463.93 3.37698e-269
2463.97 1.49866e-266
2464 6.45029e-264
2464.04 2.69249e-261
2464.07 1.09001e-258
2464.11 4.27962e-256
2464.14 1.6296e-253
2464.18 6.01806e-251
2464.21 2.15542e-248
2464.25 7.48701e-246
2464.28 2.52223e-243
2464.32 8.24064e-241
2464.35 2.61118e-238
2464.39 8.02442e-236
2464.42 2.39161e-233
2464.46 6.91301e-231
2464.49 1.93796e-228
2464.53 5.26891e-226
2464.56 1.38931e-223
2464.6 3.55284e-221
2464.63 8.81156e-219
2464.66 2.11949e-216
2464.7 4.94434e-214
2464.74 1.11863e-211
2464.77 2.4545e-209
2464.81 5.22326e-207
2464.84 1.078e-204
2464.88 2.15774e-202
2464.91 4.18868e-200
2464.95 7.88598e-198
2464.98 1.43991e-195
2465.02 2.54984e-193
2465.05 4.37917e-191
2465.09 7.29409e-189
2465.12 1.17828e-186
2465.16 1.84599e-184
2465.19 2.80485e-182
2465.23 4.13322e-180
2465.26 5.90702e-178
2465.3 8.18745e-176
2465.33 1.1006e-173
2465.37 1.43486e-171
2465.4 1.81422e-169
2465.44 2.22469e-167
2465.47 2.64576e-165
2465.51 3.05162e-163
2465.54 3.41359e-161
2465.58 3.70333e-159
2465.61 3.89649e-157
2465.64 3.97608e-155
2465.68 3.93493e-153
2465.72 3.77675e-151
2465.75 3.51561e-149
2465.79 3.17382e-147
2465.82 2.77884e-145
2465.86 2.35964e-143
2465.89 1.94325e-141
2465.93 1.55207e-139
2465.96 1.20225e-137
2466 9.03185e-136
2466.03 6.58051e-134
2466.07 4.64989e-132
2466.1 3.18659e-130
2466.14 2.11792e-128
2466.17 1.36519e-126
2466.21 8.53448e-125
2466.24 5.17441e-123
2466.28 3.0426e-121
2466.31 1.73512e-119
2466.35 9.59652e-118
2466.38 5.14753e-116
2466.41 2.67783e-114
2466.45 1.35104e-112
2466.49 6.6108e-111
2466.52 3.13718e-109
2466.56 1.44386e-107
2466.59 6.44482e-106
2466.62 2.78995e-104
2466.66 1.17134e-102
2466.7 4.76947e-101
2466.73 1.88346e-99
2466.77 7.21347e-98
2466.8 2.67937e-96
2466.84 9.65205e-95
2466.87 3.37216e-93
2466.91 1.14261e-91
2466.94 3.75479e-90
2466.98 1.19667e-88
2467.01 3.69883e-87
2467.05 1.1088e-85
2467.08 3.22362e-84
2467.12 9.0894e-83
2467.15 2.48557e-81
2467.19 6.59202e-80
2467.22 1.69555e-78
2467.26 4.22965e-77
2467.29 1.02329e-75
2467.33 2.401e-74
2467.36 5.46371e-73
2467.39 1.20582e-71
2467.43 2.58095e-70
2467.47 5.3577e-69
2467.5 1.07864e-67
2467.54 2.10609e-66
2467.57 3.98821e-65
2467.61 7.32455e-64
2467.64 1.30462e-62
2467.68 2.25367e-61
2467.71 3.7757e-60
2467.75 6.13489e-59
2467.78 9.66759e-58
2467.82 1.47751e-56
2467.85 2.19001e-55
2467.89 3.14822e-54
2467.92 4.38921e-53
2467.96 5.93486e-52
2467.99 7.78284e-51
2468.03 9.8985e-50
2468.06 1.22097e-48
2468.1 1.46064e-47
2468.13 1.69468e-46
2468.16 1.90695e-45
2468.2 2.08111e-44
2468.24 2.2027e-43
2468.27 2.26113e-42
2468.31 2.25113e-41
2468.34 2.17363e-40
2468.38 2.03554e-39
2468.41 1.84877e-38
2468.45 1.62854e-37
2468.48 1.39131e-36
2468.52 1.15283e-35
2468.55 9.26442e-35
2468.59 7.22085e-34
2468.62 5.45852e-33
2468.66 4.00204e-32
2468.69 2.84582e-31
2468.73 1.96271e-30
2468.76 1.3129e-29
2468.8 8.51788e-29
2468.83 5.35997e-28
2468.87 3.27135e-27
2468.9 1.93654e-26
2468.94 1.1119e-25
2468.97 6.19222e-25
2469.01 3.34484e-24
2469.04 1.75249e-23
2469.08 8.90618e-23
2469.11 4.39025e-22
2469.14 2.09921e-21
2469.18 9.73633e-21
2469.22 4.38042e-20
2469.25 1.91172e-19
2469.29 8.0934e-19
2469.32 3.32386e-18
2469.36 1.32425e-17
2469.39 5.11827e-17
2469.43 1.91917e-16
2469.46 6.98161e-16
2469.5 2.46411e-15
2469.53 8.43808e-15
2469.57 2.80363e-14
2469.6 9.0388e-14
2469.64 2.82768e-13
2469.67 8.58419e-13
2469.71 2.52895e-12
2469.74 7.2306e-12
2469.78 2.00645e-11
2469.81 5.40413e-11
2469.85 1.41285e-10
2469.88 3.58567e-10
2469.91 8.83442e-10
2469.95 2.11326e-09
2469.99 4.90828e-09
2470.02 1.10699e-08
2470.06 2.42459e-08
2470.09 5.15762e-08
2470.12 1.06567e-07
2470.16 2.13894e-07
2470.2 4.17089e-07
2470.23 7.90235e-07
2470.27 1.45491e-06
2470.3 2.60325e-06
2470.34 4.52749e-06
2470.37 7.65453e-06
2470.41 1.25824e-05
2470.44 2.01124e-05
2470.48 3.1268e-05
2470.51 4.72888e-05
2470.55 6.95894e-05
2470.58 9.96726e-05
2470.62 0.000138995
2470.65 0.000188794
2470.69 0.00024989
2470.72 0.000322509
2470.76 0.000406138
2470.79 0.000499485
2470.83 0.000600537
2470.86 0.000706734
2470.89 0.000815238
2470.93 0.000923234
2470.97 0.0010282
2471 0.00112806
2471.04 0.00122127
2471.07 0.00130662
2471.11 0.00138306
2471.14 0.00144942
2471.18 0.00150426
2471.21 0.00154584
2471.25 0.00157236
2471.28 0.00158231
2471.32 0.00157506
2471.35 0.00155131
2471.39 0.00151347
2471.42 0.00146566
2471.46 0.00141343
2471.49 0.00136314
2471.53 0.00132102
2471.56 0.00129232
2471.6 0.00128048
2471.63 0.00128663
2471.66 0.00130958
2471.7 0.00134611
2471.74 0.00139175
2471.77 0.00144174
2471.81 0.00149197
2471.84 0.00153985
2471.88 0.00158489
2471.91 0.0016288
2471.95 0.0016753
2471.98 0.00172958
2472.02 0.00179751
2472.05 0.0018848
2472.09 0.0019962
2472.12 0.00213482
2472.16 0.0023017
2472.19 0.0024956
2472.23 0.002713
2472.26 0.00294839
2472.3 0.0031946
2472.33 0.0034434
2472.37 0.00368612
2472.4 0.00391433
2472.44 0.00412057
2472.47 0.00429896
2472.51 0.00444564
2472.54 0.00455904
2472.58 0.00463979
2472.61 0.0046903
2472.64 0.00471413
2472.68 0.00471516
2472.72 0.00469673
2472.75 0.00466106
2472.79 0.00460881
2472.82 0.00453924
2472.86 0.00445058
2472.89 0.00434086
2472.93 0.00420881
2472.96 0.00405469
2473 0.00388098
2473.03 0.00369265
2473.07 0.00349701
2473.1 0.00330321
2473.14 0.0031214
2473.17 0.00296171
2473.21 0.00283319
2473.24 0.0027428
2473.28 0.00269462
2473.31 0.00268929
2473.35 0.00272373
2473.38 0.00279131
2473.41 0.00288225
2473.45 0.00298449
2473.49 0.00308481
2473.52 0.00317014
2473.56 0.00322895
2473.59 0.00325248
2473.62 0.00323573
2473.66 0.00317793
2473.7 0.00308253
2473.73 0.00295655
2473.77 0.00280958
2473.8 0.00265241
2473.84 0.00249554
2473.87 0.00234793
2473.91 0.00221598
2473.94 0.00210304
2473.98 0.0020094
2474.01 0.00193273
2474.05 0.00186889
2474.08 0.00181292
2474.12 0.00175994
2474.15 0.00170597
2474.19 0.00164839
2474.22 0.00158617
2474.26 0.00151973
2474.29 0.0014506
2474.33 0.001381
2474.36 0.0013133
2474.39 0.00124967
2474.43 0.00119178
2474.47 0.00114059
2474.5 0.00109643
2474.54 0.00105899
2474.57 0.00102752
2474.61 0.001001
2474.64 0.000978258
2474.68 0.000958176
2474.71 0.000939735
2474.75 0.00092211
2474.78 0.00090469
2474.82 0.000887088
2474.85 0.000869118
2474.89 0.000850768
2474.92 0.000832158
2474.96 0.000813498
2474.99 0.000795045
2475.03 0.000777066
2475.06 0.000759812
2475.1 0.000743498
2475.13 0.000728298
2475.16 0.000714349
2475.2 0.00070176
2475.24 0.000690622
2475.27 0.000681025
2475.31 0.00067306
2475.34 0.000666828
2475.38 0.000662423
2475.41 0.000659935
2475.45 0.000659422
2475.48 0.000660907
2475.52 0.000664356
2475.55 0.000669678
2475.59 0.000676723
2475.62 0.000685289
2475.66 0.000695137
2475.69 0.000706007
2475.73 0.000717639
2475.76 0.00072979
2475.8 0.000742247
2475.83 0.000754832
2475.87 0.000767409
2475.9 0.000779878
2475.94 0.000792171
2475.97 0.000804246
2476.01 0.000816082
2476.04 0.000827675
2476.08 0.000839037
2476.11 0.000850198
2476.14 0.000861202
2476.18 0.000872109
2476.22 0.00088299
2476.25 0.000893924
2476.29 0.000904989
2476.32 0.000916251
2476.36 0.000927756
2476.39 0.000939522
2476.43 0.000951529
2476.46 0.000963717
2476.5 0.000975985
2476.53 0.000988199
2476.57 0.0010002
2476.6 0.0010118
2476.64 0.00102283
2476.67 0.00103312
2476.71 0.00104254
2476.74 0.00105101
2476.78 0.00105848
2476.81 0.00106498
2476.85 0.0010706
2476.88 0.00107547
2476.91 0.00107975
2476.95 0.00108362
2476.99 0.00108728
2477.02 0.00109088
2477.06 0.00109452
2477.09 0.00109826
2477.12 0.00110211
2477.16 0.001106
2477.2 0.00110983
2477.23 0.00111348
2477.27 0.0011168
2477.3 0.00111967
2477.34 0.00112198
2477.37 0.00112366
2477.41 0.00112467
2477.44 0.00112498
2477.48 0.00112461
2477.51 0.00112355
2477.55 0.0011218
2477.58 0.00111938
2477.62 0.00111627
2477.65 0.00111247
2477.69 0.001108
2477.72 0.00110291
2477.76 0.00109727
2477.79 0.00109123
2477.83 0.00108496
2477.86 0.00107868
2477.89 0.00107263
2477.93 0.00106703
2477.97 0.00106211
2478 0.001058
2478.04 0.00105482
2478.07 0.00105256
2478.11 0.00105119
2478.14 0.00105058
2478.18 0.00105057
2478.21 0.00105096
2478.25 0.00105158
2478.28 0.00105223
2478.32 0.0010528
2478.35 0.00105318
2478.39 0.00105335
2478.42 0.00105334
2478.46 0.00105322
2478.49 0.00105311
2478.53 0.00105314
2478.56 0.00105346
2478.6 0.00105423
2478.63 0.00105554
2478.66 0.0010575
2478.7 0.00106013
2478.74 0.00106344
2478.77 0.00106737
2478.81 0.00107184
2478.84 0.00107672
2478.88 0.0010819
2478.91 0.00108724
2478.95 0.00109262
2478.98 0.00109794
2479.02 0.00110315
2479.05 0.0011082
2479.09 0.00111308
2479.12 0.0011178
2479.16 0.00112236
2479.19 0.00112677
2479.23 0.00113101
2479.26 0.00113504
2479.3 0.0011388
2479.33 0.00114221
2479.37 0.00114517
2479.4 0.0011476
2479.44 0.00114942
2479.47 0.00115055
2479.51 0.00115097
2479.54 0.00115069
2479.58 0.00114973
2479.61 0.00114816
2479.64 0.00114606
2479.68 0.00114352
2479.72 0.00114063
2479.75 0.00113748
2479.79 0.00113413
2479.82 0.00113064
2479.86 0.00112703
2479.89 0.00112332
2479.93 0.0011195
2479.96 0.00111557
2480 0.00111151
2480.03 0.00110731
2480.07 0.00110299
2480.1 0.00109854
2480.14 0.001094
2480.17 0.00108942
2480.21 0.00108487
2480.24 0.00108042
2480.28 0.00107617
2480.31 0.0010722
2480.35 0.00106859
2480.38 0.0010654
2480.41 0.00106265
2480.45 0.00106035
2480.49 0.00105845
2480.52 0.00105688
2480.56 0.00105555
2480.59 0.00105438
2480.62 0.00105327
2480.66 0.00105217
2480.7 0.00105104
2480.73 0.00104988
2480.77 0.00104868
2480.8 0.00104748
2480.84 0.00104631
2480.87 0.00104517
2480.91 0.00104409
2480.94 0.00104303
2480.98 0.00104198
2481.01 0.00104091
2481.05 0.00103979
2481.08 0.00103859
2481.12 0.00103732
2481.15 0.00103599
2481.19 0.00103463
2481.22 0.0010333
2481.26 0.00103205
2481.29 0.00103094
2481.33 0.00103003
2481.36 0.00102936
2481.39 0.00102893
2481.43 0.00102876
2481.47 0.00102882
2481.5 0.00102909
2481.54 0.00102953
2481.57 0.0010301
2481.61 0.00103077
2481.64 0.00103154
2481.68 0.0010324
2481.71 0.00103336
2481.75 0.00103445
2481.78 0.0010357
2481.82 0.00103713
2481.85 0.00103876
2481.89 0.0010406
2481.92 0.00104261
2481.96 0.00104478
2481.99 0.00104703
2482.03 0.00104929
2482.06 0.00105148
2482.1 0.0010535
2482.13 0.00105525
2482.16 0.00105664
2482.2 0.00105761
2482.24 0.00105806
2482.27 0.00105798
2482.31 0.00105732
2482.34 0.0010561
2482.38 0.00105436
2482.41 0.00105214
2482.45 0.00104953
2482.48 0.00104662
2482.52 0.00104351
2482.55 0.00104028
2482.59 0.00103704
2482.62 0.00103384
2482.66 0.00103074
2482.69 0.00102778
2482.73 0.00102498
2482.76 0.00102235
2482.8 0.00101989
2482.83 0.00101762
2482.87 0.00101554
2482.9 0.00101366
2482.94 0.001012
2482.97 0.00101056
2483.01 0.00100937
2483.04 0.00100844
2483.08 0.00100776
2483.11 0.00100734
2483.14 0.00100718
2483.18 0.00100728
2483.22 0.00100764
2483.25 0.00100824
2483.29 0.00100908
2483.32 0.00101016
2483.36 0.00101145
2483.39 0.00101295
2483.43 0.00101463
2483.46 0.00101647
2483.5 0.00101843
2483.53 0.00102048
2483.57 0.00102258
2483.6 0.00102468
2483.64 0.00102674
2483.67 0.00102872
2483.71 0.00103058
2483.74 0.0010323
2483.78 0.00103387
2483.81 0.00103528
2483.85 0.00103654
2483.88 0.00103769
2483.91 0.00103876
2483.95 0.00103978
2483.99 0.0010408
2484.02 0.00104184
2484.06 0.00104294
2484.09 0.00104412
2484.12 0.00104537
2484.16 0.00104671
2484.2 0.00104812
2484.23 0.00104961
2484.27 0.00105118
2484.3 0.00105281
2484.34 0.00105452
2484.37 0.0010563
2484.41 0.00105815
2484.44 0.00106005
2484.48 0.00106199
2484.51 0.00106395
2484.55 0.00106591
2484.58 0.00106786
2484.62 0.00106978
2484.65 0.00107168
2484.69 0.00107356
2484.72 0.00107544
2484.76 0.00107734
2484.79 0.00107929
2484.83 0.0010813
2484.86 0.0010834
2484.89 0.0010856
2484.93 0.0010879
2484.97 0.00109028
2485 0.00109272
2485.04 0.0010952
2485.07 0.00109767
2485.11 0.00110009
2485.14 0.00110241
2485.18 0.00110459
2485.21 0.00110658
2485.25 0.00110835
2485.28 0.00110988
2485.32 0.00111115
2485.35 0.00111218
2485.39 0.00111297
2485.42 0.00111356
2485.46 0.00111395
2485.49 0.00111419
2485.53 0.00111429
2485.56 0.00111428
2485.6 0.00111417
2485.63 0.00111399
2485.66 0.00111376
2485.7 0.0011135
2485.74 0.00111324
2485.77 0.001113
2485.81 0.00111282
2485.84 0.00111273
2485.88 0.00111276
2485.91 0.00111294
2485.95 0.00111327
2485.98 0.00111376
2486.02 0.0011144
2486.05 0.00111519
2486.09 0.00111609
2486.12 0.00111712
2486.16 0.00111827
2486.19 0.00111956
2486.23 0.00112103
2486.26 0.00112271
2486.3 0.00112466
2486.33 0.00112694
2486.37 0.00112958
2486.4 0.00113262
2486.44 0.00113604
2486.47 0.00113984
2486.51 0.00114394
2486.54 0.00114828
2486.58 0.00115275
2486.61 0.00115728
2486.64 0.00116176
2486.68 0.00116612
2486.72 0.0011703
2486.75 0.00117426
2486.79 0.001178
2486.82 0.0011815
2486.86 0.00118477
2486.89 0.00118784
2486.93 0.00119072
2486.96 0.00119339
2487 0.00119586
2487.03 0.00119811
2487.07 0.00120009
2487.1 0.00120178
2487.14 0.00120314
2487.17 0.00120415
2487.21 0.00120482
2487.24 0.00120516
2487.28 0.00120522
2487.31 0.00120505
2487.35 0.00120473
2487.38 0.00120434
2487.41 0.00120394
2487.45 0.00120359
2487.49 0.00120334
2487.52 0.0012032
2487.56 0.00120319
2487.59 0.00120329
2487.62 0.00120347
2487.66 0.00120372
2487.7 0.00120399
2487.73 0.00120427
2487.77 0.00120453
2487.8 0.00120475
2487.84 0.00120492
2487.87 0.00120502
2487.91 0.00120504
2487.94 0.00120498
2487.98 0.00120484
2488.01 0.00120461
2488.05 0.0012043
2488.08 0.00120393
2488.12 0.0012035
2488.15 0.00120303
2488.19 0.00120255
2488.22 0.00120206
2488.26 0.00120158
2488.29 0.00120112
2488.33 0.00120068
2488.36 0.00120026
2488.39 0.00119984
2488.43 0.00119942
2488.47 0.00119898
2488.5 0.00119854
2488.54 0.00119811
2488.57 0.00119772
2488.61 0.00119741
2488.64 0.00119723
2488.68 0.00119724
2488.71 0.00119748
2488.75 0.00119797
2488.78 0.0011987
2488.82 0.00119965
2488.85 0.00120074
2488.89 0.0012019
2488.92 0.001203
2488.96 0.00120394
2488.99 0.00120459
2489.03 0.00120486
2489.06 0.00120469
2489.1 0.00120401
2489.13 0.00120285
2489.16 0.00120123
2489.2 0.00119923
2489.24 0.00119695
2489.27 0.00119454
2489.31 0.00119212
2489.34 0.00118984
2489.38 0.00118784
2489.41 0.00118623
2489.45 0.00118508
2489.48 0.00118445
2489.52 0.00118435
2489.55 0.00118477
2489.59 0.00118566
2489.62 0.00118693
2489.66 0.0011885
2489.69 0.00119023
2489.73 0.00119203
2489.76 0.00119377
2489.8 0.00119534
2489.83 0.00119664
2489.87 0.00119761
2489.9 0.00119819
2489.94 0.00119836
2489.97 0.00119813
2490.01 0.00119751
2490.04 0.00119657
2490.08 0.00119537
2490.11 0.00119399
2490.14 0.00119252
2490.18 0.00119103
2490.22 0.00118961
2490.25 0.00118832
2490.29 0.00118721
2490.32 0.0011863
2490.36 0.00118559
2490.39 0.00118509
2490.43 0.00118477
2490.46 0.00118459
2490.5 0.00118452
2490.53 0.00118453
2490.57 0.00118459
2490.6 0.00118469
2490.64 0.00118482
2490.67 0.00118498
2490.71 0.00118518
2490.74 0.00118544
2490.78 0.00118577
2490.81 0.00118617
2490.85 0.00118665
2490.88 0.00118718
2490.91 0.00118775
2490.95 0.00118834
2490.99 0.00118891
2491.02 0.00118943
2491.06 0.00118987
2491.09 0.00119021
2491.12 0.00119042
2491.16 0.00119051
2491.2 0.00119047
2491.23 0.00119031
2491.27 0.00119004
2491.3 0.00118966
2491.34 0.00118918
2491.37 0.00118862
2491.41 0.00118798
2491.44 0.00118727
2491.48 0.00118651
2491.51 0.00118574
2491.55 0.00118499
2491.58 0.00118431
2491.62 0.00118375
2491.65 0.0011834
2491.69 0.00118329
2491.72 0.00118348
2491.76 0.00118402
2491.79 0.00118492
2491.83 0.00118619
2491.86 0.00118782
2491.89 0.00118977
2491.93 0.001192
2491.97 0.00119444
2492 0.00119701
2492.04 0.00119964
2492.07 0.00120224
2492.11 0.00120471
2492.14 0.00120697
2492.18 0.00120896
2492.21 0.0012106
2492.25 0.00121185
2492.28 0.00121268
2492.32 0.00121308
2492.35 0.00121307
2492.39 0.00121267
2492.42 0.00121192
2492.46 0.00121088
2492.49 0.00120958
2492.53 0.00120811
2492.56 0.0012065
2492.6 0.00120482
2492.63 0.00120312
2492.66 0.00120143
2492.7 0.0011998
2492.74 0.00119825
2492.77 0.00119681
2492.81 0.0011955
2492.84 0.00119432
2492.88 0.00119327
2492.91 0.00119231
2492.95 0.00119143
2492.98 0.00119057
2493.02 0.00118968
2493.05 0.0011887
2493.09 0.00118756
2493.12 0.00118622
2493.16 0.00118462
2493.19 0.00118275
2493.23 0.00118059
2493.26 0.00117816
2493.3 0.00117549
2493.33 0.00117262
2493.37 0.00116961
2493.4 0.00116652
2493.44 0.0011634
2493.47 0.0011603
2493.51 0.00115725
2493.54 0.00115428
2493.58 0.00115138
2493.61 0.00114855
2493.64 0.00114579
2493.68 0.00114307
2493.72 0.00114037
2493.75 0.00113767
2493.79 0.00113496
2493.82 0.00113224
2493.86 0.00112948
2493.89 0.00112671
2493.93 0.00112393
2493.96 0.00112116
2494 0.00111843
2494.03 0.00111576
2494.07 0.00111318
2494.1 0.00111072
2494.14 0.00110841
2494.17 0.00110625
2494.21 0.00110426
2494.24 0.00110244
2494.28 0.00110078
2494.31 0.00109926
2494.35 0.00109789
2494.38 0.00109663
2494.41 0.00109547
2494.45 0.00109438
2494.49 0.00109336
2494.52 0.00109237
2494.56 0.00109141
2494.59 0.00109045
2494.62 0.00108948
2494.66 0.00108849
2494.7 0.00108749
2494.73 0.00108647
2494.77 0.00108547
2494.8 0.00108449
2494.84 0.00108358
2494.87 0.00108279
2494.91 0.00108215
2494.94 0.00108172
2494.98 0.00108154
2495.01 0.00108167
2495.05 0.00108212
2495.08 0.00108291
2495.12 0.00108403
2495.15 0.00108547
2495.19 0.00108717
2495.22 0.00108908
2495.26 0.00109112
2495.29 0.00109321
2495.33 0.00109528
2495.36 0.00109725
2495.39 0.00109907
2495.43 0.00110068
2495.47 0.00110207
2495.5 0.00110323
2495.54 0.00110414
2495.57 0.00110482
2495.61 0.00110529
2495.64 0.00110555
2495.68 0.00110563
2495.71 0.00110554
2495.75 0.00110529
2495.78 0.00110489
2495.82 0.00110437
2495.85 0.00110373
2495.89 0.001103
2495.92 0.0011022
2495.96 0.00110134
2495.99 0.00110045
2496.03 0.00109954
2496.06 0.00109864
2496.1 0.00109775
2496.13 0.0010969
2496.16 0.00109608
2496.2 0.00109532
2496.24 0.0010946
2496.27 0.00109393
2496.31 0.00109331
2496.34 0.00109272
2496.38 0.00109217
2496.41 0.00109164
2496.45 0.00109112
2496.48 0.00109061
2496.52 0.0010901
2496.55 0.00108961
2496.59 0.00108913
2496.62 0.00108868
2496.66 0.00108826
2496.69 0.0010879
2496.73 0.00108759
2496.76 0.00108734
2496.8 0.00108714
2496.83 0.00108697
2496.87 0.00108682
2496.9 0.00108667
2496.94 0.00108649
2496.97 0.00108628
2497.01 0.00108603
2497.04 0.00108574
2497.08 0.00108541
2497.11 0.00108506
2497.14 0.00108469
2497.18 0.00108434
2497.22 0.00108401
2497.25 0.00108371
2497.29 0.00108345
2497.32 0.00108323
2497.36 0.00108306
2497.39 0.00108291
2497.43 0.00108279
2497.46 0.00108268
2497.5 0.00108258
2497.53 0.00108247
2497.57 0.00108234
2497.6 0.00108219
2497.64 0.00108199
2497.67 0.00108176
2497.71 0.00108146
2497.74 0.00108111
2497.78 0.00108068
2497.81 0.00108017
2497.85 0.0010796
2497.88 0.00107895
2497.91 0.00107824
2497.95 0.00107751
2497.99 0.00107676
2498.02 0.00107603
2498.06 0.00107535
2498.09 0.00107475
2498.12 0.00107424
2498.16 0.00107383
2498.2 0.00107353
2498.23 0.00107331
2498.27 0.00107315
