2463.3 0
2463.34 0
2463.37 0
2463.41 0
2463.44 0
2463.48 0
2463.51 0
2463.55 0
2463.58 0
2463.62 0
2463.65 0
2463.69 1.11402e-304
2463.72 7.37225e-302
2463.76 4.73159e-299
2463.79 2.9452e-296
2463.83 1.77796e-293
2463.86 1.04095e-290
2463.89 5.91065e-288
2463.93 3.25493e-285
2463.97 1.7384e-282
2464 9.00442e-280
2464.04 4.52338e-277
2464.07 2.20379e-274
2464.11 1.0413e-271
2464.14 4.77181e-269
2464.18 2.12075e-266
2464.21 9.14107e-264
2464.25 3.82124e-261
2464.28 1.54921e-258
2464.32 6.09141e-256
2464.35 2.32287e-253
2464.39 8.59075e-251
2464.42 3.08133e-248
2464.46 1.07188e-245
2464.49 3.61619e-243
2464.53 1.1832e-240
2464.56 3.75461e-238
2464.6 1.15551e-235
2464.63 3.44888e-233
2464.66 9.98356e-231
2464.7 2.8028e-228
2464.74 7.6313e-226
2464.77 2.01514e-223
2464.81 5.16074e-221
2464.84 1.2818e-218
2464.88 3.08763e-216
2464.91 7.21327e-214
2464.95 1.63433e-211
2464.98 3.59125e-209
2465.02 7.65336e-207
2465.05 1.58183e-204
2465.09 3.17078e-202
2465.12 6.16414e-200
2465.16 1.16219e-197
2465.19 2.12513e-195
2465.23 3.76871e-193
2465.26 6.48185e-191
2465.3 1.0812e-188
2465.33 1.74909e-186
2465.37 2.74422e-184
2465.4 4.17566e-182
2465.44 6.16215e-180
2465.47 8.81939e-178
2465.51 1.22418e-175
2465.54 1.64798e-173
2465.58 2.15158e-171
2465.61 2.72436e-169
2465.64 3.34558e-167
2465.68 3.98454e-165
2465.72 4.60241e-163
2465.75 5.15575e-161
2465.79 5.60142e-159
2465.82 5.90207e-157
2465.86 6.0313e-155
2465.89 5.97748e-153
2465.93 5.74545e-151
2465.96 5.35588e-149
2466 4.84214e-147
2466.03 4.24565e-145
2466.07 3.61036e-143
2466.1 2.97754e-141
2466.14 2.38157e-139
2466.17 1.84744e-137
2466.21 1.38988e-135
2466.24 1.01411e-133
2466.28 7.17613e-132
2466.31 4.92489e-130
2466.35 3.27796e-128
2466.38 2.11597e-126
2466.41 1.3247e-124
2466.45 8.04309e-123
2466.49 4.7362e-121
2466.52 2.70481e-119
2466.56 1.49811e-117
2466.59 8.04729e-116
2466.62 4.19234e-114
2466.66 2.11818e-112
2466.7 1.03793e-110
2466.73 4.9326e-109
2466.77 2.27343e-107
2466.8 1.01622e-105
2466.84 4.4055e-104
2466.87 1.85226e-102
2466.91 7.55282e-101
2466.94 2.98687e-99
2466.98 1.14557e-97
2467.01 4.26117e-96
2467.05 1.53722e-94
2467.08 5.37827e-93
2467.12 1.82494e-91
2467.15 6.00559e-90
2467.19 1.91674e-88
2467.22 5.93293e-87
2467.26 1.78105e-85
2467.29 5.18541e-84
2467.33 1.46416e-82
2467.36 4.00956e-81
2467.39 1.06489e-79
2467.43 2.7429e-78
2467.47 6.852e-77
2467.5 1.66006e-75
2467.54 3.9006e-74
2467.57 8.88871e-73
2467.61 1.96447e-71
2467.64 4.21069e-70
2467.68 8.75307e-69
2467.71 1.76469e-67
2467.75 3.45044e-66
2467.78 6.54309e-65
2467.82 1.20335e-63
2467.85 2.14634e-62
2467.89 3.71284e-61
2467.92 6.22894e-60
2467.96 1.0135e-58
2467.99 1.5993e-57
2468.03 2.44759e-56
2468.06 3.63286e-55
2468.1 5.22947e-54
2468.13 7.30074e-53
2468.16 9.885e-52
2468.2 1.29804e-50
2468.24 1.65309e-49
2468.27 2.04178e-48
2468.31 2.44579e-47
2468.34 2.8414e-46
2468.38 3.20143e-45
2468.41 3.49831e-44
2468.45 3.70742e-43
2468.48 3.81054e-42
2468.52 3.79842e-41
2468.55 3.67215e-40
2468.59 3.44302e-39
2468.62 3.13083e-38
2468.66 2.76109e-37
2468.69 2.36159e-36
2468.73 1.95898e-35
2468.76 1.576e-34
2468.8 1.22966e-33
2468.83 9.30506e-33
2468.87 6.82897e-32
2468.9 4.86066e-31
2468.94 3.35535e-30
2468.97 2.2464e-29
2469.01 1.45861e-28
2469.04 9.1854e-28
2469.08 5.61e-27
2469.11 3.32303e-26
2469.14 1.90904e-25
2469.18 1.06366e-24
2469.22 5.74781e-24
2469.25 3.0124e-23
2469.29 1.53121e-22
2469.32 7.54871e-22
2469.36 3.60932e-21
2469.39 1.67378e-20
2469.43 7.52816e-20
2469.46 3.284e-19
2469.5 1.38945e-18
2469.53 5.7018e-18
2469.57 2.26941e-17
2469.6 8.76097e-17
2469.64 3.28044e-16
2469.67 1.1914e-15
2469.71 4.19699e-15
2469.74 1.43409e-14
2469.78 4.75317e-14
2469.81 1.52815e-13
2469.85 4.76579e-13
2469.88 1.44179e-12
2469.91 4.23134e-12
2469.95 1.2047e-11
2469.99 3.32754e-11
2470.02 8.9172e-11
2470.06 2.31855e-10
2470.09 5.84942e-10
2470.12 1.43201e-09
2470.16 3.40211e-09
2470.2 7.84437e-09
2470.23 1.75557e-08
2470.27 3.81397e-08
2470.3 8.04441e-08
2470.34 1.64752e-07
2470.37 3.27691e-07
2470.41 6.33111e-07
2470.44 1.18843e-06
2470.48 2.16798e-06
2470.51 3.84464e-06
2470.55 6.63002e-06
2470.58 1.11223e-05
2470.62 1.81585e-05
2470.65 2.88649e-05
2470.69 4.46982e-05
2470.72 6.74658e-05
2470.76 9.93156e-05
2470.79 0.000142683
2470.83 0.00020019
2470.86 0.000274495
2470.89 0.000368087
2470.93 0.000483049
2470.97 0.000620786
2471 0.000781743
2471.04 0.000965141
2471.07 0.00116875
2471.11 0.00138874
2471.14 0.00161965
2471.18 0.00185449
2471.21 0.00208507
2471.25 0.00230245
2471.28 0.00249767
2471.32 0.00266245
2471.35 0.00279006
2471.39 0.00287601
2471.42 0.00291854
2471.46 0.00291891
2471.49 0.00288119
2471.53 0.0028119
2471.56 0.00271923
2471.6 0.00261216
2471.63 0.00249952
2471.66 0.00238919
2471.7 0.00228743
2471.74 0.00219856
2471.77 0.00212492
2471.81 0.00206717
2471.84 0.00202479
2471.88 0.00199676
2471.91 0.00198228
2471.95 0.00198135
2471.98 0.00199516
2472.02 0.00202614
2472.05 0.00207761
2472.09 0.00215317
2472.12 0.00225573
2472.16 0.00238652
2472.19 0.00254412
2472.23 0.00272388
2472.26 0.00291776
2472.3 0.00311482
2472.33 0.00330227
2472.37 0.00346702
2472.4 0.00359746
2472.44 0.00368518
2472.47 0.00372639
2472.51 0.0037226
2472.54 0.00368067
2472.58 0.00361194
2472.61 0.00353081
2472.64 0.00345271
2472.68 0.00339207
2472.72 0.00336024
2472.75 0.003364
2472.79 0.00340462
2472.82 0.00347767
2472.86 0.00357364
2472.89 0.00367928
2472.93 0.00377932
2472.96 0.0038585
2473 0.00390343
2473.03 0.00390411
2473.07 0.00385486
2473.1 0.00375457
2473.14 0.00360636
2473.17 0.00341673
2473.21 0.00319452
2473.24 0.00294976
2473.28 0.00269273
2473.31 0.00243313
2473.35 0.00217963
2473.38 0.00193954
2473.41 0.00171865
2473.45 0.00152121
2473.49 0.00134996
2473.52 0.00120622
2473.56 0.00109001
2473.59 0.00100028
2473.62 0.000935173
2473.66 0.00089225
2473.7 0.0008688
2473.73 0.000862066
2473.77 0.000869438
2473.8 0.000888572
2473.84 0.000917455
2473.87 0.000954404
2473.91 0.000998023
2473.94 0.00104713
2473.98 0.00110066
2474.01 0.00115756
2474.05 0.00121673
2474.08 0.00127688
2474.12 0.00133655
2474.15 0.00139408
2474.19 0.00144764
2474.22 0.00149531
2474.26 0.00153522
2474.29 0.00156564
2474.33 0.00158511
2474.36 0.00159259
2474.39 0.00158749
2474.43 0.00156974
2474.47 0.00153981
2474.5 0.00149871
2474.54 0.00144794
2474.57 0.00138946
2474.61 0.00132554
2474.64 0.00125873
2474.68 0.00119161
2474.71 0.00112669
2474.75 0.00106621
2474.78 0.00101197
2474.82 0.000965235
2474.85 0.000926668
2474.89 0.000896339
2474.92 0.000873792
2474.96 0.000858167
2474.99 0.000848344
2475.03 0.000843092
2475.06 0.00084121
2475.1 0.000841633
2475.13 0.000843504
2475.16 0.000846208
2475.2 0.000849375
2475.24 0.00085285
2475.27 0.000856647
2475.31 0.000860889
2475.34 0.000865756
2475.38 0.000871422
2475.41 0.000878018
2475.45 0.000885601
2475.48 0.000894143
2475.52 0.000903534
2475.55 0.0009136
2475.59 0.000924126
2475.62 0.000934882
2475.66 0.000945648
2475.69 0.000956236
2475.73 0.000966496
2475.76 0.000976331
2475.8 0.000985693
2475.83 0.000994585
2475.87 0.00100306
2475.9 0.00101119
2475.94 0.00101913
2475.97 0.00102701
2476.01 0.00103499
2476.04 0.00104324
2476.08 0.00105188
2476.11 0.00106098
2476.14 0.00107057
2476.18 0.0010806
2476.22 0.00109092
2476.25 0.00110138
2476.29 0.00111176
2476.32 0.00112184
2476.36 0.00113145
2476.39 0.00114044
2476.43 0.00114873
2476.46 0.00115633
2476.5 0.00116326
2476.53 0.00116961
2476.57 0.00117545
2476.6 0.00118087
2476.64 0.00118591
2476.67 0.00119062
2476.71 0.00119503
2476.74 0.00119918
2476.78 0.00120312
2476.81 0.00120698
2476.85 0.0012109
2476.88 0.00121509
2476.91 0.00121977
2476.95 0.00122513
2476.99 0.00123131
2477.02 0.00123838
2477.06 0.00124627
2477.09 0.0012548
2477.12 0.00126366
2477.16 0.00127247
2477.2 0.00128078
2477.23 0.00128818
2477.27 0.00129428
2477.3 0.00129883
2477.34 0.0013017
2477.37 0.00130293
2477.41 0.0013027
2477.44 0.0013013
2477.48 0.00129912
2477.51 0.00129658
2477.55 0.00129406
2477.58 0.00129189
2477.62 0.0012903
2477.65 0.00128939
2477.69 0.00128918
2477.72 0.00128955
2477.76 0.00129035
2477.79 0.00129137
2477.83 0.00129241
2477.86 0.00129327
2477.89 0.00129381
2477.93 0.00129393
2477.97 0.00129359
2478 0.00129278
2478.04 0.00129153
2478.07 0.0012899
2478.11 0.00128795
2478.14 0.00128578
2478.18 0.00128349
2478.21 0.00128119
2478.25 0.00127899
2478.28 0.00127703
2478.32 0.00127541
2478.35 0.00127424
2478.39 0.0012736
2478.42 0.00127353
2478.46 0.00127402
2478.49 0.00127506
2478.53 0.00127656
2478.56 0.00127842
2478.6 0.00128055
2478.63 0.00128279
2478.66 0.00128501
2478.7 0.00128707
2478.74 0.00128882
2478.77 0.0012901
2478.81 0.00129077
2478.84 0.0012907
2478.88 0.00128979
2478.91 0.00128796
2478.95 0.00128518
2478.98 0.0012815
2479.02 0.00127701
2479.05 0.00127187
2479.09 0.00126629
2479.12 0.0012605
2479.16 0.00125474
2479.19 0.00124922
2479.23 0.00124412
2479.26 0.00123955
2479.3 0.00123553
2479.33 0.00123205
2479.37 0.00122901
2479.4 0.00122627
2479.44 0.00122371
2479.47 0.00122117
2479.51 0.00121856
2479.54 0.00121579
2479.58 0.00121284
2479.61 0.00120974
2479.64 0.00120656
2479.68 0.00120341
2479.72 0.0012004
2479.75 0.00119767
2479.79 0.00119531
2479.82 0.00119342
2479.86 0.00119203
2479.89 0.00119114
2479.93 0.0011907
2479.96 0.00119061
2480 0.00119076
2480.03 0.00119102
2480.07 0.00119126
2480.1 0.00119137
2480.14 0.00119125
2480.17 0.00119084
2480.21 0.00119012
2480.24 0.00118908
2480.28 0.00118774
2480.31 0.00118615
2480.35 0.00118435
2480.38 0.00118237
2480.41 0.00118026
2480.45 0.00117804
2480.49 0.00117571
2480.52 0.00117326
2480.56 0.00117064
2480.59 0.0011678
2480.62 0.00116469
2480.66 0.00116124
2480.7 0.00115741
2480.73 0.00115319
2480.77 0.00114859
2480.8 0.00114365
2480.84 0.00113847
2480.87 0.00113312
2480.91 0.00112774
2480.94 0.00112242
2480.98 0.00111725
2481.01 0.0011123
2481.05 0.00110758
2481.08 0.0011031
2481.12 0.00109881
2481.15 0.00109466
2481.19 0.00109059
2481.22 0.00108654
2481.26 0.00108244
2481.29 0.00107828
2481.33 0.00107402
2481.36 0.00106965
2481.39 0.00106519
2481.43 0.00106062
2481.47 0.00105593
2481.5 0.00105113
2481.54 0.00104618
2481.57 0.00104107
2481.61 0.00103579
2481.64 0.00103033
2481.68 0.00102471
2481.71 0.00101898
2481.75 0.0010132
2481.78 0.00100746
2481.82 0.00100187
2481.85 0.000996556
2481.89 0.000991637
2481.92 0.000987232
2481.96 0.000983438
2481.99 0.000980326
2482.03 0.000977934
2482.06 0.00097626
2482.1 0.000975264
2482.13 0.000974868
2482.16 0.000974969
2482.2 0.000975442
2482.24 0.000976159
2482.27 0.000976998
2482.31 0.000977854
2482.34 0.000978653
2482.38 0.000979349
2482.41 0.00097993
2482.45 0.000980412
2482.48 0.00098083
2482.52 0.000981233
2482.55 0.00098167
2482.59 0.000982185
2482.62 0.000982807
2482.66 0.000983553
2482.69 0.000984419
2482.73 0.000985389
2482.76 0.000986433
2482.8 0.000987516
2482.83 0.000988597
2482.87 0.000989641
2482.9 0.000990616
2482.94 0.000991505
2482.97 0.000992303
2483.01 0.000993022
2483.04 0.000993692
2483.08 0.000994356
2483.11 0.000995072
2483.14 0.000995903
2483.18 0.000996909
2483.22 0.000998146
2483.25 0.000999652
2483.29 0.00100144
2483.32 0.00100351
2483.36 0.00100582
2483.39 0.00100832
2483.43 0.00101091
2483.46 0.00101352
2483.5 0.00101602
2483.53 0.00101832
2483.57 0.00102032
2483.6 0.00102194
2483.64 0.00102312
2483.67 0.00102382
2483.71 0.00102406
2483.74 0.00102386
2483.78 0.0010233
2483.81 0.00102249
2483.85 0.00102156
2483.88 0.00102063
2483.91 0.00101985
2483.95 0.00101933
2483.99 0.00101918
2484.02 0.00101946
2484.06 0.00102019
2484.09 0.00102135
2484.12 0.00102292
2484.16 0.00102482
2484.2 0.00102701
2484.23 0.00102942
2484.27 0.00103201
2484.3 0.00103477
2484.34 0.00103768
2484.37 0.00104077
2484.41 0.00104405
2484.44 0.00104754
2484.48 0.00105126
2484.51 0.0010552
2484.55 0.00105933
2484.58 0.00106359
2484.62 0.0010679
2484.65 0.00107216
2484.69 0.00107625
2484.72 0.00108005
2484.76 0.00108346
2484.79 0.00108638
2484.83 0.00108874
2484.86 0.00109049
2484.89 0.00109165
2484.93 0.00109226
2484.97 0.00109239
2485 0.00109215
2485.04 0.00109168
2485.07 0.00109113
2485.11 0.00109064
2485.14 0.00109036
2485.18 0.00109039
2485.21 0.00109083
2485.25 0.00109172
2485.28 0.00109309
2485.32 0.00109491
2485.35 0.00109715
2485.39 0.00109972
2485.42 0.00110255
2485.46 0.00110553
2485.49 0.00110859
2485.53 0.00111164
2485.56 0.00111464
2485.6 0.00111755
2485.63 0.00112036
2485.66 0.00112311
2485.7 0.00112582
2485.74 0.00112855
2485.77 0.00113133
2485.81 0.00113422
2485.84 0.00113723
2485.88 0.00114035
2485.91 0.00114354
2485.95 0.00114673
2485.98 0.00114981
2486.02 0.00115269
2486.05 0.00115522
2486.09 0.00115729
2486.12 0.0011588
2486.16 0.00115965
2486.19 0.00115979
2486.23 0.00115921
2486.26 0.00115789
2486.3 0.00115589
2486.33 0.00115327
2486.37 0.00115012
2486.4 0.00114654
2486.44 0.00114263
2486.47 0.00113853
2486.51 0.00113433
2486.54 0.00113014
2486.58 0.00112605
2486.61 0.00112216
2486.64 0.00111853
2486.68 0.00111524
2486.72 0.00111234
2486.75 0.00110987
2486.79 0.00110787
2486.82 0.00110637
2486.86 0.00110536
2486.89 0.00110484
2486.93 0.00110479
2486.96 0.00110516
2487 0.00110588
2487.03 0.00110687
2487.07 0.00110806
2487.1 0.00110933
2487.14 0.0011106
2487.17 0.00111178
2487.21 0.00111277
2487.24 0.00111353
2487.28 0.00111402
2487.31 0.00111425
2487.35 0.00111424
2487.38 0.00111407
2487.41 0.00111382
2487.45 0.00111358
2487.49 0.00111347
2487.52 0.00111356
2487.56 0.00111392
2487.59 0.00111459
2487.62 0.00111554
2487.66 0.00111674
2487.7 0.00111811
2487.73 0.00111955
2487.77 0.00112096
2487.8 0.00112223
2487.84 0.00112327
2487.87 0.00112404
2487.91 0.00112449
2487.94 0.00112466
2487.98 0.00112459
2488.01 0.00112437
2488.05 0.00112409
2488.08 0.00112389
2488.12 0.00112389
2488.15 0.00112419
2488.19 0.0011249
2488.22 0.00112608
2488.26 0.00112778
2488.29 0.00113
2488.33 0.00113271
2488.36 0.00113585
2488.39 0.00113934
2488.43 0.00114305
2488.47 0.00114687
2488.5 0.00115067
2488.54 0.00115433
2488.57 0.00115774
2488.61 0.00116082
2488.64 0.0011635
2488.68 0.00116575
2488.71 0.00116757
2488.75 0.00116898
2488.78 0.00117003
2488.82 0.00117077
2488.85 0.00117128
2488.89 0.00117163
2488.92 0.00117187
2488.96 0.00117205
2488.99 0.00117221
2489.03 0.00117235
2489.06 0.00117247
2489.1 0.00117251
2489.13 0.00117245
2489.16 0.00117221
2489.2 0.00117175
2489.24 0.00117101
2489.27 0.00116996
2489.31 0.00116857
2489.34 0.00116685
2489.38 0.00116484
2489.41 0.00116259
2489.45 0.00116017
2489.48 0.00115766
2489.52 0.00115517
2489.55 0.00115278
2489.59 0.0011506
2489.62 0.00114871
2489.66 0.00114717
2489.69 0.00114603
2489.73 0.00114533
2489.76 0.00114506
2489.8 0.0011452
2489.83 0.00114572
2489.87 0.00114654
2489.9 0.00114759
2489.94 0.00114878
2489.97 0.00115
2490.01 0.00115115
2490.04 0.00115216
2490.08 0.00115292
2490.11 0.00115338
2490.14 0.0011535
2490.18 0.00115325
2490.22 0.00115267
2490.25 0.00115179
2490.29 0.00115068
2490.32 0.00114944
2490.36 0.00114816
2490.39 0.00114696
2490.43 0.00114594
2490.46 0.00114517
2490.5 0.00114471
2490.53 0.00114457
2490.57 0.00114474
2490.6 0.00114515
2490.64 0.00114573
2490.67 0.00114636
2490.71 0.00114691
2490.74 0.00114727
2490.78 0.00114732
2490.81 0.00114696
2490.85 0.00114613
2490.88 0.00114478
2490.91 0.00114292
2490.95 0.00114056
2490.99 0.00113776
2491.02 0.0011346
2491.06 0.00113117
2491.09 0.00112759
2491.12 0.00112398
2491.16 0.00112044
2491.2 0.0011171
2491.23 0.00111406
2491.27 0.00111139
2491.3 0.00110918
2491.34 0.00110745
2491.37 0.00110623
2491.41 0.00110553
2491.44 0.00110531
2491.48 0.00110553
2491.51 0.00110614
2491.55 0.00110708
2491.58 0.00110829
2491.62 0.0011097
2491.65 0.00111127
2491.69 0.00111296
2491.72 0.00111474
2491.76 0.0011166
2491.79 0.00111854
2491.83 0.00112057
2491.86 0.00112271
2491.89 0.00112497
2491.93 0.00112738
2491.97 0.00112995
2492 0.00113269
2492.04 0.00113563
2492.07 0.00113876
2492.11 0.00114208
2492.14 0.00114559
2492.18 0.00114924
2492.21 0.00115301
2492.25 0.00115683
2492.28 0.00116066
2492.32 0.0011644
2492.35 0.00116798
2492.39 0.00117131
2492.42 0.0011743
2492.46 0.00117687
2492.49 0.00117897
2492.53 0.00118055
2492.56 0.0011816
2492.6 0.00118211
2492.63 0.00118212
2492.66 0.00118168
2492.7 0.00118083
2492.74 0.00117966
2492.77 0.00117823
2492.81 0.00117661
2492.84 0.00117486
2492.88 0.00117303
2492.91 0.00117117
2492.95 0.00116935
2492.98 0.0011676
2493.02 0.00116597
2493.05 0.0011645
2493.09 0.00116324
2493.12 0.0011622
2493.16 0.00116143
2493.19 0.00116093
2493.23 0.00116072
2493.26 0.00116078
2493.3 0.00116111
2493.33 0.00116168
2493.37 0.00116246
2493.4 0.00116341
2493.44 0.00116449
2493.47 0.00116568
2493.51 0.00116694
2493.54 0.00116825
2493.58 0.00116957
2493.61 0.00117092
2493.64 0.00117228
2493.68 0.00117367
2493.72 0.0011751
2493.75 0.00117659
2493.79 0.00117815
2493.82 0.00117978
2493.86 0.00118148
2493.89 0.00118322
2493.93 0.00118496
2493.96 0.00118664
2494 0.0011882
2494.03 0.00118957
2494.07 0.00119066
2494.1 0.00119142
2494.14 0.00119178
2494.17 0.00119173
2494.21 0.00119125
2494.24 0.00119039
2494.28 0.00118921
2494.31 0.00118779
2494.35 0.00118624
2494.38 0.00118468
2494.41 0.00118321
2494.45 0.00118193
2494.49 0.00118092
2494.52 0.00118022
2494.56 0.00117983
2494.59 0.00117972
2494.62 0.00117984
2494.66 0.00118012
2494.7 0.00118047
2494.73 0.0011808
2494.77 0.00118103
2494.8 0.00118111
2494.84 0.00118098
2494.87 0.00118063
2494.91 0.00118003
2494.94 0.0011792
2494.98 0.00117814
2495.01 0.00117688
2495.05 0.00117545
2495.08 0.00117388
2495.12 0.00117222
2495.15 0.0011705
2495.19 0.00116877
2495.22 0.00116707
2495.26 0.00116541
2495.29 0.00116383
2495.33 0.00116231
2495.36 0.00116085
2495.39 0.00115943
2495.43 0.00115805
2495.47 0.00115669
2495.5 0.00115537
2495.54 0.00115409
2495.57 0.00115289
2495.61 0.0011518
2495.64 0.00115089
2495.68 0.00115017
2495.71 0.00114967
2495.75 0.00114941
2495.78 0.00114935
2495.82 0.00114945
2495.85 0.00114965
2495.89 0.0011499
2495.92 0.0011501
2495.96 0.00115022
2495.99 0.0011502
2496.03 0.00115001
2496.06 0.00114967
2496.1 0.00114918
2496.13 0.00114859
2496.16 0.00114792
2496.2 0.00114722
2496.24 0.00114651
2496.27 0.00114582
2496.31 0.00114514
2496.34 0.00114447
2496.38 0.00114378
2496.41 0.00114304
2496.45 0.00114223
2496.48 0.00114134
2496.52 0.00114035
2496.55 0.00113927
2496.59 0.00113813
2496.62 0.00113696
2496.66 0.0011358
2496.69 0.00113468
2496.73 0.00113363
2496.76 0.00113268
2496.8 0.00113183
2496.83 0.00113107
2496.87 0.00113036
2496.9 0.00112967
2496.94 0.00112894
2496.97 0.00112812
2497.01 0.00112718
2497.04 0.00112609
2497.08 0.00112483
2497.11 0.00112342
2497.14 0.00112191
2497.18 0.00112033
2497.22 0.00111877
2497.25 0.00111729
2497.29 0.00111595
2497.32 0.00111483
2497.36 0.00111396
2497.39 0.00111335
2497.43 0.001113
2497.46 0.00111287
2497.5 0.0011129
2497.53 0.00111303
2497.57 0.00111317
2497.6 0.00111326
2497.64 0.00111324
2497.67 0.00111306
2497.71 0.0011127
2497.74 0.00111217
2497.78 0.0011115
2497.81 0.00111073
2497.85 0.00110993
2497.88 0.00110916
2497.91 0.00110848
2497.95 0.00110797
2497.99 0.00110767
2498.02 0.00110763
2498.06 0.00110786
2498.09 0.00110839
2498.12 0.00110922
2498.16 0.00111034
2498.2 0.00111172
2498.23 0.00111333
2498.27 0.00111512
