2463.3 8.71004e-301
2463.34 5.52799e-298
2463.37 3.40263e-295
2463.41 2.03124e-292
2463.44 1.176e-289
2463.48 6.60323e-287
2463.51 3.59587e-284
2463.55 1.89911e-281
2463.58 9.72744e-279
2463.62 4.83221e-276
2463.65 2.32806e-273
2463.69 1.08778e-270
2463.72 4.92934e-268
2463.76 2.16639e-265
2463.79 9.23389e-263
2463.83 3.81709e-260
2463.86 1.53031e-257
2463.89 5.95016e-255
2463.93 2.24376e-252
2463.97 8.20587e-250
2464 2.91053e-247
2464.04 1.0012e-244
2464.07 3.34017e-242
2464.11 1.08073e-239
2464.14 3.3913e-237
2464.18 1.03208e-234
2464.21 3.04623e-232
2464.25 8.7199e-230
2464.28 2.42081e-227
2464.32 6.51791e-225
2464.35 1.70199e-222
2464.39 4.31029e-220
2464.42 1.05866e-217
2464.46 2.52176e-215
2464.49 5.82576e-213
2464.53 1.30527e-210
2464.56 2.83629e-208
2464.6 5.97723e-206
2464.63 1.22166e-203
2464.66 2.42158e-201
2464.7 4.6553e-199
2464.74 8.67956e-197
2464.77 1.56945e-194
2464.81 2.7523e-192
2464.84 4.68108e-190
2464.88 7.7214e-188
2464.91 1.23522e-185
2464.95 1.91644e-183
2464.98 2.88367e-181
2465.02 4.20819e-179
2465.05 5.95587e-177
2465.09 8.17514e-175
2465.12 1.08829e-172
2465.16 1.40506e-170
2465.19 1.75932e-168
2465.23 2.13647e-166
2465.26 2.51621e-164
2465.3 2.87407e-162
2465.33 3.18381e-160
2465.37 3.42057e-158
2465.4 3.56409e-156
2465.44 3.60163e-154
2465.47 3.5298e-152
2465.51 3.35506e-150
2465.54 3.0928e-148
2465.58 2.76505e-146
2465.61 2.39747e-144
2465.64 2.01607e-142
2465.68 1.64421e-140
2465.72 1.30049e-138
2465.75 9.97606e-137
2465.79 7.42182e-135
2465.82 5.35503e-133
2465.86 3.74726e-131
2465.89 2.54311e-129
2465.93 1.67385e-127
2465.96 1.06849e-125
2466 6.61486e-124
2466.03 3.97166e-122
2466.07 2.31273e-120
2466.1 1.3061e-118
2466.14 7.15366e-117
2466.17 3.79998e-115
2466.21 1.95764e-113
2466.24 9.78105e-112
2466.28 4.73956e-110
2466.31 2.22736e-108
2466.35 1.01518e-106
2466.38 4.48741e-105
2466.41 1.92375e-103
2466.45 7.99837e-102
2466.49 3.22518e-100
2466.52 1.26127e-98
2466.56 4.78366e-97
2466.59 1.7596e-95
2466.62 6.27721e-94
2466.66 2.1718e-92
2466.7 7.28741e-91
2466.73 2.37152e-89
2466.77 7.4848e-88
2466.8 2.29105e-86
2466.84 6.80124e-85
2466.87 1.95813e-83
2466.91 5.46758e-82
2466.94 1.48064e-80
2466.98 3.88869e-79
2467.01 9.90507e-78
2467.05 2.44688e-76
2467.08 5.86228e-75
2467.12 1.36214e-73
2467.15 3.06955e-72
2467.19 6.70857e-71
2467.22 1.42195e-69
2467.26 2.92307e-68
2467.29 5.82766e-67
2467.33 1.12681e-65
2467.36 2.11302e-64
2467.39 3.8429e-63
2467.43 6.7782e-62
2467.47 1.1595e-60
2467.5 1.92365e-59
2467.54 3.09514e-58
2467.57 4.82988e-57
2467.61 7.30958e-56
2467.64 1.07287e-54
2467.68 1.52723e-53
2467.71 2.10844e-52
2467.75 2.82304e-51
2467.78 3.66584e-50
2467.82 4.61669e-49
2467.85 5.63881e-48
2467.89 6.67951e-47
2467.92 7.67365e-46
2467.96 8.54987e-45
2467.99 9.23884e-44
2468.03 9.68223e-43
2468.06 9.84088e-42
2468.1 9.70047e-41
2468.13 9.27367e-40
2468.16 8.59827e-39
2468.2 7.73163e-38
2468.24 6.74267e-37
2468.27 5.70286e-36
2468.31 4.67794e-35
2468.34 3.72149e-34
2468.38 2.87131e-33
2468.41 2.14854e-32
2468.45 1.55923e-31
2468.48 1.09743e-30
2468.52 7.49106e-30
2468.55 4.95921e-29
2468.59 3.18408e-28
2468.62 1.9827e-27
2468.66 1.19738e-26
2468.69 7.01307e-26
2468.73 3.98371e-25
2468.76 2.19468e-24
2468.8 1.17262e-23
2468.83 6.07644e-23
2468.87 3.05383e-22
2468.9 1.48849e-21
2468.94 7.03644e-21
2468.97 3.22602e-20
2469.01 1.43446e-19
2469.04 6.18615e-19
2469.08 2.58739e-18
2469.11 1.04958e-17
2469.14 4.12935e-17
2469.18 1.57566e-16
2469.22 5.83127e-16
2469.25 2.09307e-15
2469.29 7.28661e-15
2469.32 2.46033e-14
2469.36 8.05735e-14
2469.39 2.55932e-13
2469.43 7.88491e-13
2469.46 2.3562e-12
2469.5 6.82936e-12
2469.53 1.92002e-11
2469.57 5.23598e-11
2469.6 1.38505e-10
2469.64 3.55404e-10
2469.67 8.84663e-10
2469.71 2.13623e-09
2469.74 5.00436e-09
2469.78 1.13737e-08
2469.81 2.50798e-08
2469.85 5.36592e-08
2469.88 1.11402e-07
2469.91 2.2444e-07
2469.95 4.38842e-07
2469.99 8.32838e-07
2470.02 1.5343e-06
2470.06 2.74423e-06
2470.09 4.76607e-06
2470.12 8.03923e-06
2470.16 1.31729e-05
2470.2 2.09738e-05
2470.23 3.24591e-05
2470.27 4.88452e-05
2470.3 7.15029e-05
2470.34 0.000101875
2470.37 0.000141357
2470.41 0.000191156
2470.44 0.000252145
2470.48 0.000324739
2470.51 0.000408823
2470.55 0.000503752
2470.58 0.000608424
2470.62 0.000721414
2470.65 0.000841133
2470.69 0.000965963
2470.72 0.00109432
2470.76 0.00122464
2470.79 0.0013552
2470.83 0.00148397
2470.86 0.00160834
2470.89 0.00172501
2470.93 0.00183002
2470.97 0.00191892
2471 0.00198722
2471.04 0.00203098
2471.07 0.00204741
2471.11 0.00203544
2471.14 0.00199609
2471.18 0.0019325
2471.21 0.00184969
2471.25 0.00175397
2471.28 0.00165216
2471.32 0.00155074
2471.35 0.00145515
2471.39 0.00136921
2471.42 0.00129489
2471.46 0.00123244
2471.49 0.00118067
2471.53 0.00113751
2471.56 0.00110054
2471.6 0.00106755
2471.63 0.00103697
2471.66 0.00100809
2471.7 0.000981243
2471.74 0.000957722
2471.77 0.000939682
2471.81 0.000929937
2471.84 0.000931725
2471.88 0.000948443
2471.91 0.000983386
2471.95 0.00103947
2471.98 0.00111897
2472.02 0.00122332
2472.05 0.00135288
2472.09 0.00150689
2472.12 0.00168343
2472.16 0.00187954
2472.19 0.00209145
2472.23 0.00231486
2472.26 0.00254529
2472.3 0.00277839
2472.33 0.00301017
2472.37 0.00323713
2472.4 0.00345628
2472.44 0.00366506
2472.47 0.00386129
2472.51 0.00404312
2472.54 0.00420903
2472.58 0.00435796
2472.61 0.00448949
2472.64 0.00460384
2472.68 0.00470194
2472.72 0.00478518
2472.75 0.00485504
2472.79 0.00491265
2472.82 0.00495828
2472.86 0.00499093
2472.89 0.00500825
2472.93 0.00500658
2472.96 0.00498139
2473 0.00492783
2473.03 0.00484146
2473.07 0.00471894
2473.1 0.00455864
2473.14 0.0043611
2473.17 0.00412925
2473.21 0.00386839
2473.24 0.00358598
2473.28 0.00329112
2473.31 0.00299399
2473.35 0.00270501
2473.38 0.00243408
2473.41 0.00218976
2473.45 0.00197864
2473.49 0.00180489
2473.52 0.00167
2473.56 0.00157282
2473.59 0.00150982
2473.62 0.00147555
2473.66 0.00146324
2473.7 0.00146546
2473.73 0.00147486
2473.77 0.00148479
2473.8 0.00148979
2473.84 0.00148603
2473.87 0.0014714
2473.91 0.00144551
2473.94 0.00140949
2473.98 0.00136556
2474.01 0.00131662
2474.05 0.00126577
2474.08 0.00121589
2474.12 0.00116935
2474.15 0.00112778
2474.19 0.00109206
2474.22 0.00106237
2474.26 0.00103833
2474.29 0.00101919
2474.33 0.00100404
2474.36 0.000991926
2474.39 0.000981987
2474.43 0.000973489
2474.47 0.000965834
2474.5 0.000958527
2474.54 0.000951144
2474.57 0.000943306
2474.61 0.000934672
2474.64 0.000924963
2474.68 0.000913995
2474.71 0.000901721
2474.75 0.000888255
2474.78 0.000873874
2474.82 0.000858993
2474.85 0.00084411
2474.89 0.000829735
2474.92 0.000816321
2474.96 0.000804208
2474.99 0.000793585
2475.03 0.000784493
2475.06 0.000776844
2475.1 0.00077047
2475.13 0.000765168
2475.16 0.000760759
2475.2 0.000757116
2475.24 0.000754192
2475.27 0.000752019
2475.31 0.000750697
2475.34 0.000750363
2475.38 0.00075117
2475.41 0.000753256
2475.45 0.000756718
2475.48 0.0007616
2475.52 0.000767887
2475.55 0.000775504
2475.59 0.00078432
2475.62 0.000794166
2475.66 0.000804842
2475.69 0.000816131
2475.73 0.000827821
2475.76 0.000839715
2475.8 0.00085165
2475.83 0.000863512
2475.87 0.000875246
2475.9 0.000886864
2475.94 0.000898441
2475.97 0.00091011
2476.01 0.000922036
2476.04 0.000934394
2476.08 0.000947338
2476.11 0.000960968
2476.14 0.000975306
2476.18 0.000990281
2476.22 0.00100573
2476.25 0.00102139
2476.29 0.00103696
2476.32 0.0010521
2476.36 0.00106649
2476.39 0.00107986
2476.43 0.001092
2476.46 0.00110284
2476.5 0.00111237
2476.53 0.00112072
2476.57 0.0011281
2476.6 0.00113476
2476.64 0.00114102
2476.67 0.00114716
2476.71 0.00115346
2476.74 0.00116009
2476.78 0.00116716
2476.81 0.00117465
2476.85 0.00118244
2476.88 0.0011903
2476.91 0.00119791
2476.95 0.00120491
2476.99 0.00121093
2477.02 0.00121563
2477.06 0.00121874
2477.09 0.0012201
2477.12 0.00121967
2477.16 0.00121756
2477.2 0.00121397
2477.23 0.00120923
2477.27 0.00120371
2477.3 0.00119782
2477.34 0.00119196
2477.37 0.00118647
2477.41 0.00118163
2477.44 0.00117765
2477.48 0.00117464
2477.51 0.00117267
2477.55 0.00117173
2477.58 0.00117179
2477.62 0.00117279
2477.65 0.00117464
2477.69 0.00117728
2477.72 0.00118059
2477.76 0.00118446
2477.79 0.00118877
2477.83 0.00119333
2477.86 0.00119798
2477.89 0.00120249
2477.93 0.00120666
2477.97 0.0012103
2478 0.00121325
2478.04 0.0012154
2478.07 0.00121672
2478.11 0.00121722
2478.14 0.001217
2478.18 0.0012162
2478.21 0.001215
2478.25 0.00121357
2478.28 0.00121209
2478.32 0.0012107
2478.35 0.00120952
2478.39 0.00120862
2478.42 0.00120801
2478.46 0.00120769
2478.49 0.00120763
2478.53 0.00120779
2478.56 0.00120812
2478.6 0.00120857
2478.63 0.0012091
2478.66 0.00120967
2478.7 0.00121026
2478.74 0.00121083
2478.77 0.00121133
2478.81 0.00121171
2478.84 0.0012119
2478.88 0.0012118
2478.91 0.00121132
2478.95 0.00121034
2478.98 0.00120877
2479.02 0.00120656
2479.05 0.00120367
2479.09 0.00120015
2479.12 0.00119609
2479.16 0.00119162
2479.19 0.00118694
2479.23 0.00118226
2479.26 0.00117777
2479.3 0.00117366
2479.33 0.00117003
2479.37 0.00116696
2479.4 0.00116444
2479.44 0.0011624
2479.47 0.00116072
2479.51 0.00115927
2479.54 0.00115789
2479.58 0.00115643
2479.61 0.00115478
2479.64 0.00115287
2479.68 0.00115065
2479.72 0.00114813
2479.75 0.00114532
2479.79 0.00114226
2479.82 0.00113899
2479.86 0.00113555
2479.89 0.00113195
2479.93 0.00112821
2479.96 0.00112434
2480 0.00112037
2480.03 0.00111633
2480.07 0.0011123
2480.1 0.00110837
2480.14 0.00110469
2480.17 0.00110141
2480.21 0.00109868
2480.24 0.00109667
2480.28 0.00109549
2480.31 0.00109523
2480.35 0.00109588
2480.38 0.00109743
2480.41 0.00109976
2480.45 0.00110273
2480.49 0.00110616
2480.52 0.00110986
2480.56 0.00111365
2480.59 0.00111737
2480.62 0.00112086
2480.66 0.00112403
2480.7 0.00112679
2480.73 0.00112909
2480.77 0.00113089
2480.8 0.00113217
2480.84 0.00113291
2480.87 0.0011331
2480.91 0.00113271
2480.94 0.00113175
2480.98 0.0011302
2481.01 0.00112809
2481.05 0.00112543
2481.08 0.00112226
2481.12 0.00111866
2481.15 0.00111467
2481.19 0.00111039
2481.22 0.00110588
2481.26 0.00110123
2481.29 0.0010965
2481.33 0.00109175
2481.36 0.00108704
2481.39 0.00108245
2481.43 0.00107802
2481.47 0.00107383
2481.5 0.00106993
2481.54 0.0010664
2481.57 0.00106329
2481.61 0.00106061
2481.64 0.0010584
2481.68 0.00105663
2481.71 0.00105524
2481.75 0.00105419
2481.78 0.00105337
2481.82 0.00105268
2481.85 0.00105204
2481.89 0.00105134
2481.92 0.00105052
2481.96 0.00104953
2481.99 0.00104836
2482.03 0.00104701
2482.06 0.00104553
2482.1 0.00104398
2482.13 0.00104245
2482.16 0.00104103
2482.2 0.00103986
2482.24 0.00103902
2482.27 0.00103864
2482.31 0.00103879
2482.34 0.00103954
2482.38 0.00104091
2482.41 0.00104288
2482.45 0.00104542
2482.48 0.00104842
2482.52 0.00105177
2482.55 0.00105532
2482.59 0.00105894
2482.62 0.00106247
2482.66 0.00106579
2482.69 0.0010688
2482.73 0.0010714
2482.76 0.00107356
2482.8 0.00107524
2482.83 0.00107644
2482.87 0.00107717
2482.9 0.00107742
2482.94 0.0010772
2482.97 0.00107649
2483.01 0.00107526
2483.04 0.00107346
2483.08 0.00107106
2483.11 0.00106798
2483.14 0.0010642
2483.18 0.00105969
2483.22 0.00105447
2483.25 0.00104858
2483.29 0.00104212
2483.32 0.00103519
2483.36 0.00102797
2483.39 0.00102062
2483.43 0.00101333
2483.46 0.00100628
2483.5 0.000999645
2483.53 0.000993567
2483.57 0.000988173
2483.6 0.000983552
2483.64 0.000979764
2483.67 0.000976834
2483.71 0.000974757
2483.74 0.000973498
2483.78 0.000972998
2483.81 0.000973181
2483.85 0.000973952
2483.88 0.000975214
2483.91 0.000976864
2483.95 0.000978807
2483.99 0.000980957
2484.02 0.000983241
2484.06 0.000985601
2484.09 0.000987998
2484.12 0.000990403
2484.16 0.000992802
2484.2 0.000995184
2484.23 0.000997544
2484.27 0.00099987
2484.3 0.00100215
2484.34 0.00100436
2484.37 0.00100647
2484.41 0.00100846
2484.44 0.0010103
2484.48 0.00101196
2484.51 0.00101345
2484.55 0.00101477
2484.58 0.00101595
2484.62 0.001017
2484.65 0.00101797
2484.69 0.00101886
2484.72 0.0010197
2484.76 0.00102048
2484.79 0.00102118
2484.83 0.00102177
2484.86 0.00102223
2484.89 0.00102253
2484.93 0.00102267
2484.97 0.00102265
2485 0.00102252
2485.04 0.00102233
2485.07 0.00102213
2485.11 0.001022
2485.14 0.00102201
2485.18 0.0010222
2485.21 0.00102262
2485.25 0.00102329
2485.28 0.00102424
2485.32 0.00102546
2485.35 0.00102698
2485.39 0.00102879
2485.42 0.0010309
2485.46 0.0010333
2485.49 0.001036
2485.53 0.00103898
2485.56 0.0010422
2485.6 0.00104564
2485.63 0.00104922
2485.66 0.00105289
2485.7 0.00105659
2485.74 0.00106024
2485.77 0.00106381
2485.81 0.00106724
2485.84 0.00107052
2485.88 0.00107365
2485.91 0.00107661
2485.95 0.00107944
2485.98 0.00108215
2486.02 0.00108478
2486.05 0.00108738
2486.09 0.00108997
2486.12 0.0010926
2486.16 0.00109531
2486.19 0.00109814
2486.23 0.00110109
2486.26 0.00110416
2486.3 0.00110736
2486.33 0.00111062
2486.37 0.00111391
2486.4 0.00111715
2486.44 0.00112028
2486.47 0.00112323
2486.51 0.00112596
2486.54 0.00112845
2486.58 0.0011307
2486.61 0.00113274
2486.64 0.0011346
2486.68 0.00113634
2486.72 0.00113803
2486.75 0.00113971
2486.79 0.00114144
2486.82 0.00114323
2486.86 0.00114511
2486.89 0.00114707
2486.93 0.0011491
2486.96 0.0011512
2487 0.00115334
2487.03 0.00115549
2487.07 0.00115765
2487.1 0.00115979
2487.14 0.00116189
2487.17 0.00116393
2487.21 0.0011659
2487.24 0.0011678
2487.28 0.00116963
2487.31 0.0011714
2487.35 0.00117312
2487.38 0.00117482
2487.41 0.00117654
2487.45 0.00117829
2487.49 0.0011801
2487.52 0.00118198
2487.56 0.00118391
2487.59 0.00118587
2487.62 0.00118781
2487.66 0.00118968
2487.7 0.0011914
2487.73 0.00119292
2487.77 0.00119417
2487.8 0.00119511
2487.84 0.00119569
2487.87 0.00119591
2487.91 0.00119577
2487.94 0.00119531
2487.98 0.00119456
2488.01 0.00119358
2488.05 0.00119244
2488.08 0.00119121
2488.12 0.00118997
2488.15 0.00118877
2488.19 0.00118769
2488.22 0.00118676
2488.26 0.00118602
2488.29 0.00118548
2488.33 0.00118515
2488.36 0.00118502
2488.39 0.00118508
2488.43 0.00118533
2488.47 0.00118576
2488.5 0.00118638
2488.54 0.00118719
2488.57 0.00118823
2488.61 0.0011895
2488.64 0.00119101
2488.68 0.00119278
2488.71 0.00119478
2488.75 0.001197
2488.78 0.00119939
2488.82 0.0012019
2488.85 0.00120447
2488.89 0.00120705
2488.92 0.00120958
2488.96 0.00121202
2488.99 0.00121434
2489.03 0.00121653
2489.06 0.00121859
2489.1 0.00122055
2489.13 0.00122245
2489.16 0.00122434
2489.2 0.00122627
2489.24 0.0012283
2489.27 0.00123046
2489.31 0.00123276
2489.34 0.00123521
2489.38 0.00123777
2489.41 0.00124037
2489.45 0.00124295
2489.48 0.0012454
2489.52 0.00124763
2489.55 0.00124956
2489.59 0.0012511
2489.62 0.00125221
2489.66 0.00125285
2489.69 0.00125301
2489.73 0.00125272
2489.76 0.00125201
2489.8 0.00125093
2489.83 0.00124955
2489.87 0.00124795
2489.9 0.00124618
2489.94 0.00124432
2489.97 0.00124242
2490.01 0.00124051
2490.04 0.00123861
2490.08 0.00123674
2490.11 0.00123488
2490.14 0.00123303
2490.18 0.00123118
2490.22 0.0012293
2490.25 0.00122741
2490.29 0.00122551
2490.32 0.00122363
2490.36 0.0012218
2490.39 0.00122007
2490.43 0.00121849
2490.46 0.00121709
2490.5 0.00121591
2490.53 0.00121497
2490.57 0.00121427
2490.6 0.0012138
2490.64 0.00121352
2490.67 0.0012134
2490.71 0.00121338
2490.74 0.00121342
2490.78 0.00121347
2490.81 0.00121351
2490.85 0.0012135
2490.88 0.00121346
2490.91 0.00121337
2490.95 0.00121326
2490.99 0.00121316
2491.02 0.00121308
2491.06 0.00121304
2491.09 0.00121306
2491.12 0.00121315
2491.16 0.0012133
2491.2 0.00121349
2491.23 0.0012137
2491.27 0.00121388
2491.3 0.00121399
2491.34 0.00121399
2491.37 0.00121382
2491.41 0.00121343
2491.44 0.00121278
2491.48 0.00121182
2491.51 0.00121052
2491.55 0.00120886
2491.58 0.00120684
2491.62 0.00120445
2491.65 0.00120173
2491.69 0.00119871
2491.72 0.00119543
2491.76 0.00119197
2491.79 0.00118839
2491.83 0.00118475
2491.86 0.00118112
2491.89 0.00117756
2491.93 0.00117412
2491.97 0.00117082
2492 0.0011677
2492.04 0.00116477
2492.07 0.00116202
2492.11 0.00115946
2492.14 0.00115707
2492.18 0.00115484
2492.21 0.00115273
2492.25 0.00115073
2492.28 0.00114883
2492.32 0.00114701
2492.35 0.00114529
2492.39 0.00114366
2492.42 0.00114218
2492.46 0.00114087
2492.49 0.00113978
2492.53 0.00113896
2492.56 0.00113846
2492.6 0.0011383
2492.63 0.0011385
2492.66 0.00113906
2492.7 0.00113996
2492.74 0.00114115
2492.77 0.00114257
2492.81 0.00114413
2492.84 0.00114574
2492.88 0.0011473
2492.91 0.00114871
2492.95 0.00114989
2492.98 0.00115074
2493.02 0.00115124
2493.05 0.00115137
2493.09 0.00115113
2493.12 0.00115058
2493.16 0.00114979
2493.19 0.00114885
2493.23 0.00114786
2493.26 0.00114693
2493.3 0.00114612
2493.33 0.00114551
2493.37 0.00114515
2493.4 0.00114506
2493.44 0.00114523
2493.47 0.00114567
2493.51 0.00114634
2493.54 0.00114721
2493.58 0.00114825
2493.61 0.00114942
2493.64 0.00115068
2493.68 0.00115199
2493.72 0.00115331
2493.75 0.00115459
2493.79 0.00115579
2493.82 0.00115686
2493.86 0.00115777
2493.89 0.00115847
2493.93 0.00115893
2493.96 0.00115913
2494 0.00115906
2494.03 0.0011587
2494.07 0.00115806
2494.1 0.00115715
2494.14 0.00115599
2494.17 0.00115462
2494.21 0.00115308
2494.24 0.00115142
2494.28 0.00114968
2494.31 0.00114792
2494.35 0.00114619
2494.38 0.00114454
2494.41 0.00114298
2494.45 0.00114154
2494.49 0.00114022
2494.52 0.00113902
2494.56 0.00113791
2494.59 0.00113687
2494.62 0.00113591
2494.66 0.00113498
2494.7 0.00113408
2494.73 0.0011332
2494.77 0.00113233
2494.8 0.00113145
2494.84 0.00113057
2494.87 0.00112966
2494.91 0.00112873
2494.94 0.00112778
2494.98 0.0011268
2495.01 0.0011258
2495.05 0.00112479
2495.08 0.00112378
2495.12 0.00112279
2495.15 0.00112181
2495.19 0.00112088
2495.22 0.00111998
2495.26 0.00111911
2495.29 0.00111827
2495.33 0.00111744
2495.36 0.00111658
2495.39 0.00111568
2495.43 0.0011147
2495.47 0.00111361
2495.5 0.00111239
2495.54 0.00111105
2495.57 0.00110958
2495.61 0.001108
2495.64 0.00110634
2495.68 0.00110464
2495.71 0.00110295
2495.75 0.00110131
2495.78 0.00109976
2495.82 0.00109833
2495.85 0.00109705
2495.89 0.00109594
2495.92 0.00109501
2495.96 0.00109426
2495.99 0.0010937
2496.03 0.0010933
2496.06 0.00109305
2496.1 0.00109291
2496.13 0.00109286
2496.16 0.00109285
2496.2 0.00109286
2496.24 0.00109284
2496.27 0.00109277
2496.31 0.00109262
2496.34 0.00109239
2496.38 0.00109206
2496.41 0.00109164
2496.45 0.00109114
2496.48 0.00109058
2496.52 0.00108998
2496.55 0.00108937
2496.59 0.00108875
2496.62 0.00108817
2496.66 0.00108761
2496.69 0.00108711
2496.73 0.00108665
2496.76 0.00108622
2496.8 0.00108582
2496.83 0.00108542
2496.87 0.00108497
2496.9 0.00108444
2496.94 0.0010838
2496.97 0.00108299
2497.01 0.001082
2497.04 0.00108079
2497.08 0.00107937
2497.11 0.00107774
2497.14 0.00107593
2497.18 0.001074
2497.22 0.00107198
2497.25 0.00106995
2497.29 0.00106795
2497.32 0.00106605
2497.36 0.00106429
2497.39 0.00106269
2497.43 0.00106126
2497.46 0.00106001
2497.5 0.00105894
2497.53 0.00105804
2497.57 0.0010573
2497.6 0.00105671
2497.64 0.00105627
2497.67 0.00105598
2497.71 0.00105584
2497.74 0.00105587
2497.78 0.00105607
2497.81 0.00105643
2497.85 0.00105697
2497.88 0.00105767
2497.91 0.00105852
2497.95 0.00105951
2497.99 0.00106061
2498.02 0.00106179
2498.06 0.00106302
2498.09 0.00106427
2498.12 0.00106551
2498.16 0.00106675
2498.2 0.00106797
2498.23 0.00106918
2498.27 0.00107041
