2463.3 0
2463.34 0
2463.37 0
2463.41 4.72562e-307
2463.44 1.05577e-303
2463.48 6.90516e-301
2463.51 4.37902e-298
2463.55 2.69329e-295
2463.58 1.60653e-292
2463.62 9.29393e-290
2463.65 5.21448e-287
2463.69 2.83743e-284
2463.72 1.49741e-281
2463.76 7.66408e-279
2463.79 3.80435e-276
2463.83 1.83149e-273
2463.86 8.55126e-271
2463.89 3.87221e-268
2463.93 1.70055e-265
2463.97 7.24308e-263
2464 2.99199e-260
2464.04 1.19867e-257
2464.07 4.65737e-255
2464.11 1.75504e-252
2464.14 6.41408e-250
2464.18 2.27345e-247
2464.21 7.81519e-245
2464.25 2.60554e-242
2464.28 8.42477e-240
2464.32 2.64194e-237
2464.35 8.03507e-235
2464.39 2.37007e-232
2464.42 6.7801e-230
2464.46 1.88111e-227
2464.49 5.06171e-225
2464.53 1.32094e-222
2464.56 3.34329e-220
2464.6 8.20671e-218
2464.63 1.95374e-215
2464.66 4.51098e-213
2464.7 1.01013e-210
2464.74 2.19377e-208
2464.77 4.6207e-206
2464.81 9.43906e-204
2464.84 1.87006e-201
2464.88 3.59324e-199
2464.91 6.69612e-197
2464.95 1.21022e-194
2464.98 2.12135e-192
2465.02 3.60633e-190
2465.05 5.94598e-188
2465.09 9.50797e-186
2465.12 1.47454e-183
2465.16 2.21786e-181
2465.19 3.23532e-179
2465.23 4.57726e-177
2465.26 6.2806e-175
2465.3 8.35801e-173
2465.33 1.07873e-170
2465.37 1.35029e-168
2465.4 1.63927e-166
2465.44 1.93011e-164
2465.47 2.20404e-162
2465.51 2.44099e-160
2465.54 2.62193e-158
2465.58 2.73138e-156
2465.61 2.75965e-154
2465.64 2.70416e-152
2465.68 2.56993e-150
2465.72 2.36874e-148
2465.75 2.1175e-146
2465.79 1.83586e-144
2465.82 1.54371e-142
2465.86 1.25893e-140
2465.89 9.95742e-139
2465.93 7.63841e-137
2465.96 5.6829e-135
2466 4.1006e-133
2466.03 2.8697e-131
2466.07 1.94777e-129
2466.1 1.28218e-127
2466.14 8.18607e-126
2466.17 5.06889e-124
2466.21 3.04413e-122
2466.24 1.77307e-120
2466.28 1.00162e-118
2466.31 5.48773e-117
2466.35 2.91606e-115
2466.38 1.50285e-113
2466.41 7.5119e-112
2466.45 3.64165e-110
2466.49 1.71223e-108
2466.52 7.80807e-107
2466.56 3.45335e-105
2466.59 1.48134e-103
2466.62 6.1629e-102
2466.66 2.48676e-100
2466.7 9.73195e-99
2466.73 3.6939e-97
2466.77 1.35984e-95
2466.8 4.85526e-94
2466.84 1.68134e-92
2466.87 5.64703e-91
2466.91 1.83952e-89
2466.94 5.8118e-88
2466.98 1.7809e-86
2467.01 5.29285e-85
2467.05 1.52568e-83
2467.08 4.26542e-82
2467.12 1.1566e-80
2467.15 3.0418e-79
2467.19 7.75894e-78
2467.22 1.91956e-76
2467.26 4.60602e-75
2467.29 1.07196e-73
2467.33 2.41968e-72
2467.36 5.29746e-71
2467.39 1.12488e-69
2467.43 2.31673e-68
2467.47 4.6278e-67
2467.5 8.96615e-66
2467.54 1.68488e-64
2467.57 3.07091e-63
2467.61 5.42872e-62
2467.64 9.30814e-61
2467.68 1.54798e-59
2467.71 2.4969e-58
2467.75 3.9064e-57
2467.78 5.92775e-56
2467.82 8.72452e-55
2467.85 1.24547e-53
2467.89 1.72451e-52
2467.92 2.31602e-51
2467.96 3.01689e-50
2467.99 3.81171e-49
2468.03 4.67118e-48
2468.06 5.55237e-47
2468.1 6.40143e-46
2468.13 7.15852e-45
2468.16 7.7646e-44
2468.2 8.16892e-43
2468.24 8.33606e-42
2468.27 8.25106e-41
2468.31 7.92158e-40
2468.34 7.37681e-39
2468.38 6.66318e-38
2468.41 5.83782e-37
2468.45 4.9611e-36
2468.48 4.08945e-35
2468.52 3.26974e-34
2468.55 2.53584e-33
2468.59 1.90763e-32
2468.62 1.39198e-31
2468.66 9.85223e-31
2468.69 6.76401e-30
2468.73 4.50446e-29
2468.76 2.90972e-28
2468.8 1.82319e-27
2468.83 1.10811e-26
2468.87 6.53298e-26
2468.9 3.73606e-25
2468.94 2.0725e-24
2468.97 1.1152e-23
2469.01 5.82095e-23
2469.04 2.94724e-22
2469.08 1.44751e-21
2469.11 6.89627e-21
2469.14 3.18709e-20
2469.18 1.42877e-19
2469.22 6.21332e-19
2469.25 2.62107e-18
2469.29 1.07258e-17
2469.32 4.25773e-17
2469.36 1.63956e-16
2469.39 6.12465e-16
2469.43 2.21943e-15
2469.46 7.80208e-15
2469.5 2.66068e-14
2469.53 8.80219e-14
2469.57 2.82494e-13
2469.6 8.79537e-13
2469.64 2.65661e-12
2469.67 7.78461e-12
2469.71 2.21303e-11
2469.74 6.1036e-11
2469.78 1.6332e-10
2469.81 4.23992e-10
2469.85 1.06795e-09
2469.88 2.60991e-09
2469.91 6.1887e-09
2469.95 1.42391e-08
2469.99 3.17903e-08
2470.02 6.88734e-08
2470.06 1.44802e-07
2470.09 2.95453e-07
2470.12 5.85085e-07
2470.16 1.1246e-06
2470.2 2.09829e-06
2470.23 3.80067e-06
2470.27 6.68389e-06
2470.3 1.14138e-05
2470.34 1.89289e-05
2470.37 3.04923e-05
2470.41 4.77209e-05
2470.44 7.25733e-05
2470.48 0.000107278
2470.51 0.000154182
2470.55 0.000215524
2470.58 0.000293134
2470.62 0.000388096
2470.65 0.000500416
2470.69 0.000628767
2470.72 0.000770359
2470.76 0.000920984
2470.79 0.00107525
2470.83 0.00122701
2470.86 0.00136985
2470.89 0.00149772
2470.93 0.00160544
2470.97 0.00168909
2471 0.0017463
2471.04 0.00177628
2471.07 0.00177971
2471.11 0.00175852
2471.14 0.00171553
2471.18 0.00165416
2471.21 0.00157809
2471.25 0.001491
2471.28 0.00139647
2471.32 0.00129783
2471.35 0.00119822
2471.39 0.00110062
2471.42 0.00100797
2471.46 0.000923222
2471.49 0.00084945
2471.53 0.000789813
2471.56 0.000747515
2471.6 0.000725683
2471.63 0.000727198
2471.66 0.000754513
2471.7 0.000809473
2471.74 0.000893179
2471.77 0.00100591
2471.81 0.00114712
2471.84 0.00131547
2471.88 0.001509
2471.91 0.00172518
2471.95 0.00196109
2471.98 0.00221346
2472.02 0.00247871
2472.05 0.00275283
2472.09 0.00303136
2472.12 0.00330923
2472.16 0.00358078
2472.19 0.00383987
2472.23 0.00408017
2472.26 0.00429563
2472.3 0.00448095
2472.33 0.00463216
2472.37 0.004747
2472.4 0.00482504
2472.44 0.0048676
2472.47 0.00487724
2472.51 0.00485728
2472.54 0.00481106
2472.58 0.0047415
2472.61 0.00465076
2472.64 0.00454034
2472.68 0.00441131
2472.72 0.00426483
2472.75 0.00410271
2472.79 0.00392774
2472.82 0.00374391
2472.86 0.00355627
2472.89 0.00337056
2472.93 0.00319265
2472.96 0.00302798
2473 0.00288103
2473.03 0.00275501
2473.07 0.00265169
2473.1 0.0025715
2473.14 0.00251364
2473.17 0.00247632
2473.21 0.00245691
2473.24 0.00245217
2473.28 0.00245829
2473.31 0.00247107
2473.35 0.00248614
2473.38 0.00249923
2473.41 0.00250657
2473.45 0.00250529
2473.49 0.00249381
2473.52 0.00247209
2473.56 0.00244166
2473.59 0.00240537
2473.62 0.00236694
2473.66 0.00233033
2473.7 0.00229901
2473.73 0.0022753
2473.77 0.00225992
2473.8 0.00225174
2473.84 0.00224786
2473.87 0.00224394
2473.91 0.00223481
2473.94 0.00221518
2473.98 0.00218041
2474.01 0.00212715
2474.05 0.0020539
2474.08 0.00196123
2474.12 0.00185175
2474.15 0.00172982
2474.19 0.00160098
2474.22 0.00147134
2474.26 0.00134685
2474.29 0.00123266
2474.33 0.00113269
2474.36 0.00104936
2474.39 0.000983475
2474.43 0.000934416
2474.47 0.000900383
2474.5 0.000878755
2474.54 0.000866464
2474.57 0.000860342
2474.61 0.000857418
2474.64 0.000855123
2474.68 0.000851431
2474.71 0.000844915
2474.75 0.000834742
2474.78 0.000820622
2474.82 0.000802728
2474.85 0.000781594
2474.89 0.000758006
2474.92 0.000732907
2474.96 0.000707298
2474.99 0.000682164
2475.03 0.000658411
2475.06 0.000636821
2475.1 0.000618024
2475.13 0.000602482
2475.16 0.000590494
2475.2 0.000582199
2475.24 0.000577607
2475.27 0.000576615
2475.31 0.000579039
2475.34 0.000584632
2475.38 0.000593112
2475.41 0.000604165
2475.45 0.00061746
2475.48 0.000632653
2475.52 0.000649388
2475.55 0.0006673
2475.59 0.000686031
2475.62 0.000705227
2475.66 0.000724559
2475.69 0.000743727
2475.73 0.000762466
2475.76 0.000780556
2475.8 0.000797818
2475.83 0.000814112
2475.87 0.000829339
2475.9 0.000843439
2475.94 0.000856391
2475.97 0.000868221
2476.01 0.000879002
2476.04 0.00088886
2476.08 0.00089797
2476.11 0.000906547
2476.14 0.000914837
2476.18 0.000923092
2476.22 0.000931549
2476.25 0.00094041
2476.29 0.000949822
2476.32 0.000959861
2476.36 0.000970526
2476.39 0.000981739
2476.43 0.00099335
2476.46 0.00100515
2476.5 0.0010169
2476.53 0.00102833
2476.57 0.00103918
2476.6 0.0010492
2476.64 0.00105819
2476.67 0.00106602
2476.71 0.00107262
2476.74 0.001078
2476.78 0.00108225
2476.81 0.00108551
2476.85 0.00108799
2476.88 0.00108993
2476.91 0.00109157
2476.95 0.00109316
2476.99 0.00109492
2477.02 0.00109702
2477.06 0.00109962
2477.09 0.00110283
2477.12 0.0011067
2477.16 0.00111128
2477.2 0.00111654
2477.23 0.00112245
2477.27 0.00112893
2477.3 0.00113585
2477.34 0.00114303
2477.37 0.00115027
2477.41 0.00115734
2477.44 0.00116396
2477.48 0.00116989
2477.51 0.00117489
2477.55 0.00117876
2477.58 0.0011814
2477.62 0.00118276
2477.65 0.00118292
2477.69 0.00118205
2477.72 0.0011804
2477.76 0.00117834
2477.79 0.00117623
2477.83 0.0011745
2477.86 0.00117351
2477.89 0.0011736
2477.93 0.001175
2477.97 0.00117782
2478 0.00118203
2478.04 0.00118749
2478.07 0.00119391
2478.11 0.00120095
2478.14 0.00120816
2478.18 0.00121511
2478.21 0.00122138
2478.25 0.00122661
2478.28 0.00123054
2478.32 0.00123301
2478.35 0.00123394
2478.39 0.00123341
2478.42 0.00123153
2478.46 0.00122851
2478.49 0.0012246
2478.53 0.00122006
2478.56 0.00121517
2478.6 0.0012102
2478.63 0.00120537
2478.66 0.00120092
2478.7 0.00119705
2478.74 0.00119391
2478.77 0.00119165
2478.81 0.00119036
2478.84 0.0011901
2478.88 0.00119087
2478.91 0.00119264
2478.95 0.0011953
2478.98 0.00119869
2479.02 0.00120262
2479.05 0.00120684
2479.09 0.00121111
2479.12 0.00121516
2479.16 0.00121878
2479.19 0.00122176
2479.23 0.00122398
2479.26 0.00122535
2479.3 0.00122588
2479.33 0.0012256
2479.37 0.00122461
2479.4 0.00122304
2479.44 0.00122102
2479.47 0.00121869
2479.51 0.00121616
2479.54 0.00121352
2479.58 0.00121079
2479.61 0.00120798
2479.64 0.00120504
2479.68 0.00120187
2479.72 0.00119837
2479.75 0.0011944
2479.79 0.00118986
2479.82 0.00118464
2479.86 0.00117869
2479.89 0.001172
2479.93 0.00116463
2479.96 0.00115668
2480 0.00114832
2480.03 0.00113973
2480.07 0.00113115
2480.1 0.0011228
2480.14 0.00111488
2480.17 0.00110758
2480.21 0.00110104
2480.24 0.00109538
2480.28 0.00109065
2480.31 0.00108687
2480.35 0.001084
2480.38 0.001082
2480.41 0.00108076
2480.45 0.00108017
2480.49 0.00108008
2480.52 0.00108031
2480.56 0.0010807
2480.59 0.00108105
2480.62 0.00108119
2480.66 0.00108095
2480.7 0.00108018
2480.73 0.00107878
2480.77 0.00107667
2480.8 0.00107384
2480.84 0.0010703
2480.87 0.00106611
2480.91 0.00106138
2480.94 0.00105625
2480.98 0.00105085
2481.01 0.00104536
2481.05 0.00103992
2481.08 0.00103469
2481.12 0.00102978
2481.15 0.00102529
2481.19 0.00102131
2481.22 0.00101789
2481.26 0.00101507
2481.29 0.00101287
2481.33 0.0010113
2481.36 0.00101037
2481.39 0.00101005
2481.43 0.00101034
2481.47 0.0010112
2481.5 0.00101256
2481.54 0.00101438
2481.57 0.00101656
2481.61 0.00101903
2481.64 0.0010217
2481.68 0.0010245
2481.71 0.00102735
2481.75 0.0010302
2481.78 0.00103299
2481.82 0.00103569
2481.85 0.00103827
2481.89 0.00104067
2481.92 0.00104285
2481.96 0.00104474
2481.99 0.00104627
2482.03 0.00104737
2482.06 0.00104797
2482.1 0.00104801
2482.13 0.00104746
2482.16 0.00104632
2482.2 0.00104461
2482.24 0.0010424
2482.27 0.00103976
2482.31 0.00103679
2482.34 0.0010336
2482.38 0.00103029
2482.41 0.00102696
2482.45 0.00102369
2482.48 0.00102054
2482.52 0.00101757
2482.55 0.00101478
2482.59 0.00101222
2482.62 0.00100986
2482.66 0.00100772
2482.69 0.00100577
2482.73 0.00100401
2482.76 0.00100242
2482.8 0.00100101
2482.83 0.000999754
2482.87 0.000998671
2482.9 0.000997764
2482.94 0.000997042
2482.97 0.000996512
2483.01 0.000996176
2483.04 0.000996028
2483.08 0.000996053
2483.11 0.000996222
2483.14 0.0009965
2483.18 0.000996842
2483.22 0.000997202
2483.25 0.000997535
2483.29 0.000997802
2483.32 0.000997976
2483.36 0.000998044
2483.39 0.00099801
2483.43 0.000997897
2483.46 0.000997745
2483.5 0.000997614
2483.53 0.000997578
2483.57 0.000997727
2483.6 0.000998158
2483.64 0.000998973
2483.67 0.00100027
2483.71 0.00100212
2483.74 0.0010046
2483.78 0.00100773
2483.81 0.0010115
2483.85 0.00101585
2483.88 0.00102069
2483.91 0.0010259
2483.95 0.00103129
2483.99 0.00103672
2484.02 0.001042
2484.06 0.00104698
2484.09 0.00105153
2484.12 0.00105556
2484.16 0.00105903
2484.2 0.00106191
2484.23 0.00106425
2484.27 0.00106608
2484.3 0.00106751
2484.34 0.00106859
2484.37 0.00106942
2484.41 0.00107009
2484.44 0.00107064
2484.48 0.00107114
2484.51 0.00107161
2484.55 0.00107209
2484.58 0.00107259
2484.62 0.0010731
2484.65 0.00107362
2484.69 0.00107416
2484.72 0.00107469
2484.76 0.00107522
2484.79 0.00107575
2484.83 0.00107626
2484.86 0.00107674
2484.89 0.00107719
2484.93 0.00107759
2484.97 0.00107789
2485 0.00107807
2485.04 0.00107808
2485.07 0.00107789
2485.11 0.00107747
2485.14 0.00107682
2485.18 0.00107593
2485.21 0.00107486
2485.25 0.00107364
2485.28 0.00107236
2485.32 0.00107109
2485.35 0.00106992
2485.39 0.00106893
2485.42 0.00106816
2485.46 0.00106766
2485.49 0.00106741
2485.53 0.0010674
2485.56 0.0010676
2485.6 0.00106795
2485.63 0.0010684
2485.66 0.00106891
2485.7 0.00106944
2485.74 0.00107
2485.77 0.00107057
2485.81 0.0010712
2485.84 0.00107191
2485.88 0.00107275
2485.91 0.00107373
2485.95 0.00107488
2485.98 0.00107619
2486.02 0.00107765
2486.05 0.00107922
2486.09 0.00108085
2486.12 0.00108248
2486.16 0.00108406
2486.19 0.00108555
2486.23 0.0010869
2486.26 0.00108809
2486.3 0.00108911
2486.33 0.00108995
2486.37 0.00109063
2486.4 0.00109117
2486.44 0.00109159
2486.47 0.00109194
2486.51 0.00109225
2486.54 0.00109258
2486.58 0.00109297
2486.61 0.00109346
2486.64 0.00109409
2486.68 0.00109488
2486.72 0.00109583
2486.75 0.00109692
2486.79 0.00109813
2486.82 0.00109941
2486.86 0.0011007
2486.89 0.00110196
2486.93 0.00110314
2486.96 0.0011042
2487 0.00110512
2487.03 0.00110589
2487.07 0.00110654
2487.1 0.00110708
2487.14 0.00110756
2487.17 0.00110804
2487.21 0.00110859
2487.24 0.00110929
2487.28 0.00111022
2487.31 0.00111144
2487.35 0.00111304
2487.38 0.00111505
2487.41 0.00111749
2487.45 0.00112038
2487.49 0.00112368
2487.52 0.00112733
2487.56 0.00113124
2487.59 0.0011353
2487.62 0.0011394
2487.66 0.00114341
2487.7 0.00114722
2487.73 0.00115072
2487.77 0.00115384
2487.8 0.00115654
2487.84 0.00115877
2487.87 0.00116055
2487.91 0.00116189
2487.94 0.00116284
2487.98 0.00116346
2488.01 0.00116381
2488.05 0.00116395
2488.08 0.00116395
2488.12 0.00116387
2488.15 0.00116376
2488.19 0.00116367
2488.22 0.00116362
2488.26 0.00116363
2488.29 0.00116373
2488.33 0.00116392
2488.36 0.0011642
2488.39 0.00116458
2488.43 0.00116504
2488.47 0.00116559
2488.5 0.00116622
2488.54 0.00116693
2488.57 0.00116773
2488.61 0.00116863
2488.64 0.00116963
2488.68 0.00117077
2488.71 0.00117208
2488.75 0.00117359
2488.78 0.00117533
2488.82 0.00117735
2488.85 0.00117966
2488.89 0.00118228
2488.92 0.00118521
2488.96 0.00118843
2488.99 0.00119191
2489.03 0.00119559
2489.06 0.0011994
2489.1 0.00120326
2489.13 0.00120711
2489.16 0.00121085
2489.2 0.00121441
2489.24 0.00121774
2489.27 0.00122076
2489.31 0.00122344
2489.34 0.00122575
2489.38 0.00122764
2489.41 0.00122911
2489.45 0.00123013
2489.48 0.00123072
2489.52 0.00123086
2489.55 0.00123059
2489.59 0.00122994
2489.62 0.00122896
2489.66 0.00122775
2489.69 0.00122638
2489.73 0.00122498
2489.76 0.00122365
2489.8 0.00122252
2489.83 0.00122171
2489.87 0.00122129
2489.9 0.00122134
2489.94 0.0012219
2489.97 0.00122299
2490.01 0.00122459
2490.04 0.00122664
2490.08 0.00122908
2490.11 0.00123181
2490.14 0.00123471
2490.18 0.00123768
2490.22 0.00124058
2490.25 0.0012433
2490.29 0.00124572
2490.32 0.00124775
2490.36 0.00124932
2490.39 0.00125039
2490.43 0.00125097
2490.46 0.00125106
2490.5 0.00125074
2490.53 0.00125007
2490.57 0.00124913
2490.6 0.00124803
2490.64 0.00124682
2490.67 0.00124558
2490.71 0.00124435
2490.74 0.00124314
2490.78 0.00124196
2490.81 0.00124079
2490.85 0.00123963
2490.88 0.00123846
2490.91 0.00123727
2490.95 0.00123607
2490.99 0.00123488
2491.02 0.00123372
2491.06 0.00123262
2491.09 0.00123161
2491.12 0.00123072
2491.16 0.00122999
2491.2 0.00122942
2491.23 0.00122901
2491.27 0.00122877
2491.3 0.00122866
2491.34 0.00122864
2491.37 0.00122867
2491.41 0.0012287
2491.44 0.00122867
2491.48 0.00122851
2491.51 0.0012282
2491.55 0.0012277
2491.58 0.001227
2491.62 0.00122611
2491.65 0.00122507
2491.69 0.00122393
2491.72 0.00122277
2491.76 0.00122163
2491.79 0.00122059
2491.83 0.00121969
2491.86 0.00121894
2491.89 0.00121835
2491.93 0.00121789
2491.97 0.00121748
2492 0.00121707
2492.04 0.00121659
2492.07 0.00121596
2492.11 0.00121514
2492.14 0.0012141
2492.18 0.00121285
2492.21 0.0012114
2492.25 0.0012098
2492.28 0.0012081
2492.32 0.00120634
2492.35 0.00120456
2492.39 0.00120279
2492.42 0.00120105
2492.46 0.00119935
2492.49 0.00119768
2492.53 0.00119606
2492.56 0.0011945
2492.6 0.00119299
2492.63 0.00119155
2492.66 0.00119019
2492.7 0.00118889
2492.74 0.00118763
2492.77 0.00118636
2492.81 0.00118504
2492.84 0.00118359
2492.88 0.00118192
2492.91 0.00117998
2492.95 0.0011777
2492.98 0.00117504
2493.02 0.00117199
2493.05 0.00116859
2493.09 0.00116489
2493.12 0.00116095
2493.16 0.00115689
2493.19 0.00115281
2493.23 0.00114881
2493.26 0.00114498
2493.3 0.0011414
2493.33 0.0011381
2493.37 0.00113514
2493.4 0.00113249
2493.44 0.00113017
2493.47 0.00112813
2493.51 0.00112634
2493.54 0.00112476
2493.58 0.00112335
2493.61 0.00112206
2493.64 0.00112086
2493.68 0.00111972
2493.72 0.00111862
2493.75 0.00111756
2493.79 0.00111654
2493.82 0.00111556
2493.86 0.00111465
2493.89 0.00111383
2493.93 0.00111313
2493.96 0.00111257
2494 0.00111215
2494.03 0.00111188
2494.07 0.00111175
2494.1 0.00111172
2494.14 0.00111176
2494.17 0.00111183
2494.21 0.00111188
2494.24 0.00111187
2494.28 0.00111178
2494.31 0.00111158
2494.35 0.00111127
2494.38 0.00111087
2494.41 0.00111037
2494.45 0.00110982
2494.49 0.00110924
2494.52 0.00110866
2494.56 0.00110811
2494.59 0.0011076
2494.62 0.00110715
2494.66 0.00110676
2494.7 0.00110644
2494.73 0.00110618
2494.77 0.00110597
2494.8 0.0011058
2494.84 0.00110566
2494.87 0.00110553
2494.91 0.0011054
2494.94 0.00110526
2494.98 0.00110509
2495.01 0.0011049
2495.05 0.00110469
2495.08 0.00110446
2495.12 0.00110422
2495.15 0.00110401
2495.19 0.00110383
2495.22 0.00110372
2495.26 0.00110369
2495.29 0.00110376
2495.33 0.00110394
2495.36 0.0011042
2495.39 0.00110452
2495.43 0.00110487
2495.47 0.0011052
2495.5 0.00110548
2495.54 0.00110568
2495.57 0.00110577
2495.61 0.00110575
2495.64 0.00110564
2495.68 0.00110547
2495.71 0.00110528
2495.75 0.00110511
2495.78 0.001105
2495.82 0.00110499
2495.85 0.00110511
2495.89 0.00110537
2495.92 0.00110577
2495.96 0.00110632
2495.99 0.00110701
2496.03 0.00110782
2496.06 0.00110876
2496.1 0.00110979
2496.13 0.00111091
2496.16 0.00111209
2496.2 0.0011133
2496.24 0.00111451
2496.27 0.00111566
2496.31 0.00111672
2496.34 0.00111763
2496.38 0.00111834
2496.41 0.00111881
2496.45 0.00111898
2496.48 0.00111884
2496.52 0.00111839
2496.55 0.00111761
2496.59 0.00111656
2496.62 0.00111527
2496.66 0.00111381
2496.69 0.00111225
2496.73 0.00111066
2496.76 0.00110912
2496.8 0.00110767
2496.83 0.00110636
2496.87 0.00110519
2496.9 0.00110416
2496.94 0.00110325
2496.97 0.00110242
2497.01 0.00110164
2497.04 0.00110088
2497.08 0.0011001
2497.11 0.0010993
2497.14 0.00109849
2497.18 0.00109767
2497.22 0.00109688
2497.25 0.00109615
2497.29 0.00109552
2497.32 0.00109502
2497.36 0.00109468
2497.39 0.00109451
2497.43 0.00109454
2497.46 0.00109475
2497.5 0.00109514
2497.53 0.0010957
2497.57 0.00109642
2497.6 0.00109727
2497.64 0.00109826
2497.67 0.00109936
2497.71 0.00110055
2497.74 0.00110183
2497.78 0.00110315
2497.81 0.00110449
2497.85 0.0011058
2497.88 0.00110703
2497.91 0.00110811
2497.95 0.00110899
2497.99 0.00110959
2498.02 0.00110987
2498.06 0.00110979
2498.09 0.00110933
2498.12 0.0011085
2498.16 0.00110733
2498.2 0.00110588
2498.23 0.00110421
2498.27 0.00110244
