2463.3 1.00562e-294
2463.34 6.00087e-292
2463.37 3.47293e-289
2463.41 1.94932e-286
2463.44 1.06114e-283
2463.48 5.60233e-281
2463.51 2.86858e-278
2463.55 1.42453e-275
2463.58 6.86085e-273
2463.62 3.20472e-270
2463.65 1.4518e-267
2463.69 6.37862e-265
2463.72 2.71801e-262
2463.76 1.12326e-259
2463.79 4.50211e-257
2463.83 1.75007e-254
2463.86 6.59779e-252
2463.89 2.41239e-249
2463.93 8.55461e-247
2463.97 2.94211e-244
2464 9.81345e-242
2464.04 3.17461e-239
2464.07 9.9601e-237
2464.11 3.0307e-234
2464.14 8.94389e-232
2464.18 2.55986e-229
2464.21 7.10575e-227
2464.25 1.91298e-224
2464.28 4.99477e-222
2464.32 1.26481e-219
2464.35 3.1063e-217
2464.39 7.39889e-215
2464.42 1.70921e-212
2464.46 3.82938e-210
2464.49 8.32088e-208
2464.53 1.75354e-205
2464.56 3.584e-203
2464.6 7.10438e-201
2464.63 1.36581e-198
2464.66 2.5466e-196
2464.7 4.6051e-194
2464.74 8.07649e-192
2464.77 1.37377e-189
2464.81 2.26626e-187
2464.84 3.62588e-185
2464.88 5.62632e-183
2464.91 8.46724e-181
2464.95 1.23585e-178
2464.98 1.74943e-176
2465.02 2.4018e-174
2465.05 3.19802e-172
2465.09 4.12985e-170
2465.12 5.17243e-168
2465.16 6.28294e-166
2465.19 7.40181e-164
2465.23 8.45709e-162
2465.26 9.37156e-160
2465.3 1.00719e-157
2465.33 1.04982e-155
2465.37 1.06128e-153
2465.4 1.04053e-151
2465.44 9.89429e-150
2465.47 9.1248e-148
2465.51 8.16151e-146
2465.54 7.07989e-144
2465.58 5.9565e-142
2465.61 4.86031e-140
2465.64 3.84632e-138
2465.68 2.95214e-136
2465.72 2.19754e-134
2465.75 1.58652e-132
2465.79 1.11087e-130
2465.82 7.54378e-129
2465.86 4.9685e-127
2465.89 3.17374e-125
2465.93 1.9662e-123
2465.96 1.18139e-121
2466 6.88441e-120
2466.03 3.89091e-118
2466.07 2.13278e-116
2466.1 1.13384e-114
2466.14 5.84608e-113
2466.17 2.92341e-111
2466.21 1.41784e-109
2466.24 6.66917e-108
2466.28 3.04248e-106
2466.31 1.34616e-104
2466.35 5.77662e-103
2466.38 2.40416e-101
2466.41 9.70428e-100
2466.45 3.79905e-98
2466.49 1.44244e-96
2466.52 5.31167e-95
2466.56 1.89704e-93
2466.59 6.57104e-92
2466.62 2.20751e-90
2466.66 7.19256e-89
2466.7 2.27288e-87
2466.73 6.96596e-86
2466.77 2.07061e-84
2466.8 5.96936e-83
2466.84 1.66905e-81
2466.87 4.52609e-80
2466.91 1.19039e-78
2466.94 3.03648e-77
2466.98 7.51212e-76
2467.01 1.80247e-74
2467.05 4.19457e-73
2467.08 9.46715e-72
2467.12 2.07236e-70
2467.15 4.39971e-69
2467.19 9.05933e-68
2467.22 1.80918e-66
2467.26 3.50415e-65
2467.29 6.58259e-64
2467.33 1.19929e-62
2467.36 2.11918e-61
2467.39 3.63182e-60
2467.43 6.03664e-59
2467.47 9.73154e-58
2467.5 1.52153e-56
2467.54 2.30726e-55
2467.57 3.39334e-54
2467.61 4.84031e-53
2467.64 6.69628e-52
2467.68 8.98483e-51
2467.71 1.16923e-49
2467.75 1.47573e-48
2467.78 1.80647e-47
2467.82 2.14471e-46
2467.85 2.46958e-45
2467.89 2.758e-44
2467.92 2.98731e-43
2467.96 3.13822e-42
2467.99 3.19744e-41
2468.03 3.15964e-40
2468.06 3.02824e-39
2468.1 2.81488e-38
2468.13 2.53773e-37
2468.16 2.21895e-36
2468.2 1.88178e-35
2468.24 1.54777e-34
2468.27 1.2347e-33
2468.31 9.55282e-33
2468.34 7.16838e-32
2468.38 5.21709e-31
2468.41 3.68259e-30
2468.45 2.52114e-29
2468.48 1.67401e-28
2468.52 1.07804e-27
2468.55 6.73338e-27
2468.59 4.07896e-26
2468.62 2.39653e-25
2468.66 1.36564e-24
2468.69 7.54756e-24
2468.73 4.04573e-23
2468.76 2.10332e-22
2468.8 1.06055e-21
2468.83 5.18656e-21
2468.87 2.46006e-20
2468.9 1.1317e-19
2468.94 5.04935e-19
2468.97 2.18504e-18
2469.01 9.17071e-18
2469.04 3.73307e-17
2469.08 1.47384e-16
2469.11 5.64354e-16
2469.14 2.09592e-15
2469.18 7.54948e-15
2469.22 2.63742e-14
2469.25 8.9364e-14
2469.29 2.93674e-13
2469.32 9.36029e-13
2469.36 2.89357e-12
2469.39 8.67557e-12
2469.43 2.5228e-11
2469.46 7.11524e-11
2469.5 1.94633e-10
2469.53 5.16374e-10
2469.57 1.32872e-09
2469.6 3.31607e-09
2469.64 8.02667e-09
2469.67 1.88438e-08
2469.71 4.29067e-08
2469.74 9.47552e-08
2469.78 2.02957e-07
2469.81 4.21628e-07
2469.85 8.4953e-07
2469.88 1.66018e-06
2469.91 3.14671e-06
2469.95 5.78481e-06
2469.99 1.03146e-05
2470.02 1.78384e-05
2470.06 2.99225e-05
2470.09 4.86843e-05
2470.12 7.68314e-05
2470.16 0.000117614
2470.2 0.000174652
2470.23 0.000251593
2470.27 0.000351619
2470.3 0.000476806
2470.34 0.000627434
2470.37 0.000801382
2470.41 0.000993751
2470.44 0.00119687
2470.48 0.00140083
2470.51 0.00159446
2470.55 0.00176677
2470.58 0.00190858
2470.62 0.00201407
2470.65 0.00208188
2470.69 0.00211567
2470.72 0.00212391
2470.76 0.00211892
2470.79 0.0021154
2470.83 0.00212871
2470.86 0.00217308
2470.89 0.00226003
2470.93 0.00239725
2470.97 0.00258774
2471 0.0028295
2471.04 0.00311544
2471.07 0.00343377
2471.11 0.0037686
2471.14 0.00410104
2471.18 0.0044106
2471.21 0.0046769
2471.25 0.00488158
2471.28 0.00501009
2471.32 0.0050532
2471.35 0.00500791
2471.39 0.00487758
2471.42 0.00467135
2471.46 0.00440288
2471.49 0.00408867
2471.53 0.00374623
2471.56 0.00339234
2471.6 0.0030418
2471.63 0.00270651
2471.66 0.00239512
2471.7 0.00211307
2471.74 0.00186298
2471.77 0.00164513
2471.81 0.00145807
2471.84 0.00129923
2471.88 0.00116534
2471.91 0.00105293
2471.95 0.000958599
2471.98 0.000879263
2472.02 0.000812302
2472.05 0.000755624
2472.09 0.000707674
2472.12 0.000667387
2472.16 0.000634097
2472.19 0.000607438
2472.23 0.000587219
2472.26 0.000573311
2472.3 0.00056554
2472.33 0.000563593
2472.37 0.000566959
2472.4 0.00057489
2472.44 0.000586408
2472.47 0.000600342
2472.51 0.00061541
2472.54 0.000630322
2472.58 0.0006439
2472.61 0.000655197
2472.64 0.000663594
2472.68 0.000668858
2472.72 0.000671154
2472.75 0.000671016
2472.79 0.000669259
2472.82 0.000666869
2472.86 0.000664877
2472.89 0.000664232
2472.93 0.000665691
2472.96 0.000669748
2473 0.00067659
2473.03 0.000686106
2473.07 0.000697918
2473.1 0.000711456
2473.14 0.000726038
2473.17 0.000740966
2473.21 0.000755614
2473.24 0.000769498
2473.28 0.000782331
2473.31 0.00079404
2473.35 0.000804768
2473.38 0.000814837
2473.41 0.000824706
2473.45 0.000834897
2473.49 0.000845935
2473.52 0.000858279
2473.56 0.000872266
2473.59 0.000888074
2473.62 0.000905707
2473.66 0.000925
2473.7 0.000945645
2473.73 0.000967239
2473.77 0.000989334
2473.8 0.00101149
2473.84 0.00103332
2473.87 0.00105454
2473.91 0.00107493
2473.94 0.00109441
2473.98 0.00111292
2474.01 0.00113047
2474.05 0.00114709
2474.08 0.00116277
2474.12 0.0011775
2474.15 0.00119121
2474.19 0.00120388
2474.22 0.00121545
2474.26 0.00122594
2474.29 0.00123541
2474.33 0.00124398
2474.36 0.00125184
2474.39 0.00125921
2474.43 0.00126628
2474.47 0.00127325
2474.5 0.0012802
2474.54 0.00128717
2474.57 0.00129406
2474.61 0.0013007
2474.64 0.00130686
2474.68 0.00131227
2474.71 0.00131672
2474.75 0.00132004
2474.78 0.00132215
2474.82 0.00132314
2474.85 0.00132317
2474.89 0.00132255
2474.92 0.00132166
2474.96 0.00132093
2474.99 0.00132078
2475.03 0.00132159
2475.06 0.00132368
2475.1 0.00132726
2475.13 0.00133243
2475.16 0.0013392
2475.2 0.00134746
2475.24 0.00135704
2475.27 0.00136771
2475.31 0.00137922
2475.34 0.0013913
2475.38 0.00140369
2475.41 0.00141612
2475.45 0.00142836
2475.48 0.00144015
2475.52 0.00145128
2475.55 0.00146151
2475.59 0.00147062
2475.62 0.00147838
2475.66 0.00148458
2475.69 0.00148902
2475.73 0.00149151
2475.76 0.00149192
2475.8 0.00149015
2475.83 0.00148617
2475.87 0.00148003
2475.9 0.00147183
2475.94 0.00146179
2475.97 0.0014502
2476.01 0.00143741
2476.04 0.00142382
2476.08 0.00140986
2476.11 0.00139593
2476.14 0.00138242
2476.18 0.00136965
2476.22 0.00135788
2476.25 0.0013473
2476.29 0.00133804
2476.32 0.00133022
2476.36 0.00132389
2476.39 0.00131914
2476.43 0.00131602
2476.46 0.00131461
2476.5 0.00131495
2476.53 0.00131705
2476.57 0.00132088
2476.6 0.00132632
2476.64 0.00133317
2476.67 0.00134115
2476.71 0.00134988
2476.74 0.00135895
2476.78 0.00136791
2476.81 0.00137632
2476.85 0.00138378
2476.88 0.00138995
2476.91 0.00139461
2476.95 0.00139761
2476.99 0.00139892
2477.02 0.00139862
2477.06 0.00139684
2477.09 0.00139379
2477.12 0.0013897
2477.16 0.00138483
2477.2 0.00137941
2477.23 0.00137367
2477.27 0.0013678
2477.3 0.00136194
2477.34 0.00135623
2477.37 0.00135074
2477.41 0.00134554
2477.44 0.00134065
2477.48 0.00133608
2477.51 0.00133182
2477.55 0.00132784
2477.58 0.00132412
2477.62 0.0013206
2477.65 0.00131727
2477.69 0.00131409
2477.72 0.00131104
2477.76 0.00130814
2477.79 0.0013054
2477.83 0.00130287
2477.86 0.00130061
2477.89 0.0012987
2477.93 0.00129725
2477.97 0.00129637
2478 0.0012962
2478.04 0.00129686
2478.07 0.00129846
2478.11 0.00130113
2478.14 0.00130492
2478.18 0.00130989
2478.21 0.00131603
2478.25 0.00132326
2478.28 0.0013315
2478.32 0.00134056
2478.35 0.00135026
2478.39 0.00136035
2478.42 0.0013706
2478.46 0.00138073
2478.49 0.0013905
2478.53 0.00139965
2478.56 0.00140795
2478.6 0.00141516
2478.63 0.00142109
2478.66 0.00142555
2478.7 0.0014284
2478.74 0.00142956
2478.77 0.00142899
2478.81 0.00142671
2478.84 0.00142285
2478.88 0.00141756
2478.91 0.00141108
2478.95 0.00140365
2478.98 0.00139555
2479.02 0.00138704
2479.05 0.00137834
2479.09 0.00136963
2479.12 0.00136103
2479.16 0.00135264
2479.19 0.0013445
2479.23 0.00133661
2479.26 0.00132896
2479.3 0.00132154
2479.33 0.00131432
2479.37 0.00130729
2479.4 0.00130045
2479.44 0.00129382
2479.47 0.00128742
2479.51 0.00128133
2479.54 0.00127561
2479.58 0.00127037
2479.61 0.0012657
2479.64 0.00126168
2479.68 0.00125837
2479.72 0.00125576
2479.75 0.00125379
2479.79 0.0012523
2479.82 0.0012511
2479.86 0.00124988
2479.89 0.00124835
2479.93 0.00124617
2479.96 0.00124305
2480 0.00123875
2480.03 0.0012331
2480.07 0.00122604
2480.1 0.00121759
2480.14 0.00120787
2480.17 0.00119708
2480.21 0.00118549
2480.24 0.0011734
2480.28 0.00116112
2480.31 0.00114896
2480.35 0.00113719
2480.38 0.00112602
2480.41 0.00111563
2480.45 0.0011061
2480.49 0.00109745
2480.52 0.00108964
2480.56 0.00108259
2480.59 0.00107616
2480.62 0.00107022
2480.66 0.00106463
2480.7 0.00105927
2480.73 0.00105404
2480.77 0.00104886
2480.8 0.00104369
2480.84 0.0010385
2480.87 0.00103328
2480.91 0.00102804
2480.94 0.0010228
2480.98 0.00101761
2481.01 0.00101252
2481.05 0.00100761
2481.08 0.00100297
2481.12 0.000998711
2481.15 0.000994934
2481.19 0.000991729
2481.22 0.000989155
2481.26 0.000987227
2481.29 0.000985903
2481.33 0.000985084
2481.36 0.000984614
2481.39 0.000984295
2481.43 0.000983907
2481.47 0.000983227
2481.5 0.000982053
2481.54 0.000980221
2481.57 0.000977625
2481.61 0.00097422
2481.64 0.000970024
2481.68 0.000965115
2481.71 0.000959621
2481.75 0.000953707
2481.78 0.000947566
2481.82 0.000941403
2481.85 0.000935422
2481.89 0.000929815
2481.92 0.00092475
2481.96 0.000920364
2481.99 0.000916756
2482.03 0.000913982
2482.06 0.00091206
2482.1 0.000910969
2482.13 0.000910661
2482.16 0.000911069
2482.2 0.000912117
2482.24 0.00091373
2482.27 0.00091584
2482.31 0.000918392
2482.34 0.00092134
2482.38 0.000924651
2482.41 0.000928296
2482.45 0.000932243
2482.48 0.00093645
2482.52 0.000940865
2482.55 0.000945415
2482.59 0.000950013
2482.62 0.000954557
2482.66 0.000958942
2482.69 0.000963072
2482.73 0.000966865
2482.76 0.000970272
2482.8 0.000973276
2482.83 0.000975905
2482.87 0.000978222
2482.9 0.000980323
2482.94 0.000982325
2482.97 0.000984353
2483.01 0.000986525
2483.04 0.000988942
2483.08 0.000991674
2483.11 0.000994759
2483.14 0.000998198
2483.18 0.00100196
2483.22 0.00100598
2483.25 0.00101019
2483.29 0.00101449
2483.32 0.00101882
2483.36 0.0010231
2483.39 0.00102728
2483.43 0.00103134
2483.46 0.00103525
2483.5 0.00103903
2483.53 0.00104266
2483.57 0.00104618
2483.6 0.00104957
2483.64 0.00105285
2483.67 0.001056
2483.71 0.00105902
2483.74 0.00106192
2483.78 0.00106468
2483.81 0.00106731
2483.85 0.00106982
2483.88 0.00107224
2483.91 0.00107457
2483.95 0.00107685
2483.99 0.00107909
2484.02 0.00108129
2484.06 0.00108347
2484.09 0.0010856
2484.12 0.0010877
2484.16 0.00108976
2484.2 0.00109178
2484.23 0.00109378
2484.27 0.00109579
2484.3 0.00109785
2484.34 0.00109998
2484.37 0.00110222
2484.41 0.0011046
2484.44 0.00110714
2484.48 0.00110983
2484.51 0.00111265
2484.55 0.00111558
2484.58 0.00111858
2484.62 0.0011216
2484.65 0.0011246
2484.69 0.00112756
2484.72 0.00113044
2484.76 0.00113324
2484.79 0.00113596
2484.83 0.00113864
2484.86 0.00114132
2484.89 0.00114406
2484.93 0.00114692
2484.97 0.00114998
2485 0.00115332
2485.04 0.001157
2485.07 0.00116107
2485.11 0.00116555
2485.14 0.00117044
2485.18 0.0011757
2485.21 0.00118126
2485.25 0.001187
2485.28 0.00119279
2485.32 0.00119849
2485.35 0.00120394
2485.39 0.00120901
2485.42 0.00121358
2485.46 0.00121756
2485.49 0.00122092
2485.53 0.00122366
2485.56 0.00122581
2485.6 0.00122744
2485.63 0.00122865
2485.66 0.00122955
2485.7 0.00123025
2485.74 0.00123085
2485.77 0.00123145
2485.81 0.00123213
2485.84 0.00123294
2485.88 0.00123394
2485.91 0.00123514
2485.95 0.00123657
2485.98 0.00123824
2486.02 0.00124013
2486.05 0.00124225
2486.09 0.00124459
2486.12 0.00124713
2486.16 0.00124986
2486.19 0.00125274
2486.23 0.00125571
2486.26 0.00125873
2486.3 0.00126172
2486.33 0.00126458
2486.37 0.00126724
2486.4 0.0012696
2486.44 0.0012716
2486.47 0.00127321
2486.51 0.0012744
2486.54 0.00127521
2486.58 0.0012757
2486.61 0.00127596
2486.64 0.00127608
2486.68 0.00127618
2486.72 0.00127633
2486.75 0.0012766
2486.79 0.00127703
2486.82 0.00127761
2486.86 0.00127832
2486.89 0.00127909
2486.93 0.00127985
2486.96 0.00128051
2487 0.00128099
2487.03 0.00128123
2487.07 0.00128117
2487.1 0.00128077
2487.14 0.00128003
2487.17 0.00127895
2487.21 0.00127754
2487.24 0.00127584
2487.28 0.00127387
2487.31 0.00127167
2487.35 0.00126926
2487.38 0.00126668
2487.41 0.00126395
2487.45 0.00126111
2487.49 0.00125819
2487.52 0.00125525
2487.56 0.00125235
2487.59 0.00124959
2487.62 0.00124708
2487.66 0.00124493
2487.7 0.00124328
2487.73 0.00124225
2487.77 0.00124193
2487.8 0.0012424
2487.84 0.00124365
2487.87 0.00124567
2487.91 0.00124837
2487.94 0.00125162
2487.98 0.0012553
2488.01 0.00125926
2488.05 0.00126337
2488.08 0.0012675
2488.12 0.00127158
2488.15 0.00127554
2488.19 0.00127936
2488.22 0.001283
2488.26 0.00128649
2488.29 0.00128981
2488.33 0.00129298
2488.36 0.00129602
2488.39 0.00129891
2488.43 0.00130166
2488.47 0.00130426
2488.5 0.00130669
2488.54 0.0013089
2488.57 0.00131084
2488.61 0.00131247
2488.64 0.00131369
2488.68 0.00131445
2488.71 0.00131468
2488.75 0.00131432
2488.78 0.00131332
2488.82 0.00131167
2488.85 0.00130934
2488.89 0.00130634
2488.92 0.00130268
2488.96 0.00129838
2488.99 0.0012935
2489.03 0.00128809
2489.06 0.00128223
2489.1 0.00127604
2489.13 0.00126964
2489.16 0.00126319
2489.2 0.00125685
2489.24 0.00125079
2489.27 0.00124515
2489.31 0.00124007
2489.34 0.00123563
2489.38 0.00123187
2489.41 0.00122879
2489.45 0.00122635
2489.48 0.00122449
2489.52 0.00122312
2489.55 0.00122213
2489.59 0.00122143
2489.62 0.00122092
2489.66 0.00122051
2489.69 0.00122014
2489.73 0.00121973
2489.76 0.00121924
2489.8 0.00121862
2489.83 0.00121783
2489.87 0.00121686
2489.9 0.00121568
2489.94 0.00121429
2489.97 0.00121271
2490.01 0.00121097
2490.04 0.00120913
2490.08 0.00120724
2490.11 0.00120539
2490.14 0.00120365
2490.18 0.00120211
2490.22 0.00120082
2490.25 0.00119982
2490.29 0.0011991
2490.32 0.00119862
2490.36 0.00119831
2490.39 0.00119807
2490.43 0.00119778
2490.46 0.00119731
2490.5 0.00119653
2490.53 0.00119534
2490.57 0.00119367
2490.6 0.00119147
2490.64 0.00118876
2490.67 0.00118557
2490.71 0.00118201
2490.74 0.00117818
2490.78 0.00117423
2490.81 0.0011703
2490.85 0.00116653
2490.88 0.00116305
2490.91 0.00115997
2490.95 0.00115737
2490.99 0.00115532
2491.02 0.00115387
2491.06 0.00115307
2491.09 0.00115293
2491.12 0.00115349
2491.16 0.00115476
2491.2 0.00115673
2491.23 0.00115939
2491.27 0.00116268
2491.3 0.0011665
2491.34 0.00117074
2491.37 0.00117524
2491.41 0.00117986
2491.44 0.00118442
2491.48 0.00118877
2491.51 0.00119279
2491.55 0.00119639
2491.58 0.00119951
2491.62 0.00120214
2491.65 0.00120428
2491.69 0.00120598
2491.72 0.00120726
2491.76 0.00120817
2491.79 0.00120875
2491.83 0.00120902
2491.86 0.00120903
2491.89 0.00120879
2491.93 0.00120832
2491.97 0.00120766
2492 0.00120684
2492.04 0.0012059
2492.07 0.00120488
2492.11 0.00120385
2492.14 0.00120284
2492.18 0.00120189
2492.21 0.00120103
2492.25 0.00120029
2492.28 0.00119966
2492.32 0.00119913
2492.35 0.00119869
2492.39 0.00119831
2492.42 0.00119796
2492.46 0.0011976
2492.49 0.00119723
2492.53 0.0011968
2492.56 0.00119632
2492.6 0.00119578
2492.63 0.00119518
2492.66 0.00119455
2492.7 0.00119391
2492.74 0.00119327
2492.77 0.00119269
2492.81 0.00119218
2492.84 0.00119177
2492.88 0.00119148
2492.91 0.0011913
2492.95 0.00119123
2492.98 0.00119124
2493.02 0.00119131
2493.05 0.00119141
2493.09 0.00119152
2493.12 0.00119161
2493.16 0.00119169
2493.19 0.00119174
2493.23 0.00119174
2493.26 0.00119171
2493.3 0.00119161
2493.33 0.00119143
2493.37 0.00119113
2493.4 0.00119069
2493.44 0.00119006
2493.47 0.00118923
2493.51 0.00118818
2493.54 0.00118692
2493.58 0.00118546
2493.61 0.00118386
2493.64 0.00118214
2493.68 0.00118037
2493.72 0.00117859
2493.75 0.00117683
2493.79 0.00117511
2493.82 0.00117342
2493.86 0.00117172
2493.89 0.00116997
2493.93 0.0011681
2493.96 0.00116605
2494 0.00116373
2494.03 0.00116111
2494.07 0.00115815
2494.1 0.00115484
2494.14 0.0011512
2494.17 0.00114729
2494.21 0.00114318
2494.24 0.00113895
2494.28 0.00113471
2494.31 0.00113056
2494.35 0.00112658
2494.38 0.00112285
2494.41 0.00111944
2494.45 0.00111639
2494.49 0.00111371
2494.52 0.0011114
2494.56 0.00110947
2494.59 0.00110787
2494.62 0.00110659
2494.66 0.00110559
2494.7 0.00110483
2494.73 0.00110429
2494.77 0.00110396
2494.8 0.0011038
2494.84 0.00110381
2494.87 0.00110398
2494.91 0.00110429
2494.94 0.0011047
2494.98 0.0011052
2495.01 0.00110575
2495.05 0.00110631
2495.08 0.00110683
2495.12 0.00110729
2495.15 0.00110766
2495.19 0.0011079
2495.22 0.00110801
2495.26 0.00110796
2495.29 0.00110777
2495.33 0.0011074
2495.36 0.00110687
2495.39 0.00110615
2495.43 0.00110523
2495.47 0.00110413
2495.5 0.00110284
2495.54 0.0011014
2495.57 0.00109983
2495.61 0.0010982
2495.64 0.00109658
2495.68 0.00109505
2495.71 0.00109369
2495.75 0.00109256
2495.78 0.00109173
2495.82 0.00109122
2495.85 0.00109105
2495.89 0.00109118
2495.92 0.00109157
2495.96 0.00109218
2495.99 0.00109292
2496.03 0.00109376
2496.06 0.00109463
2496.1 0.00109553
2496.13 0.00109645
2496.16 0.00109738
2496.2 0.00109837
2496.24 0.00109942
2496.27 0.00110057
2496.31 0.0011018
2496.34 0.00110314
2496.38 0.00110455
2496.41 0.00110602
2496.45 0.00110752
2496.48 0.00110903
2496.52 0.00111052
2496.55 0.00111198
2496.59 0.0011134
2496.62 0.00111478
2496.66 0.00111611
2496.69 0.00111739
2496.73 0.0011186
2496.76 0.00111971
2496.8 0.0011207
2496.83 0.00112153
2496.87 0.00112217
2496.9 0.00112262
2496.94 0.00112285
2496.97 0.00112287
2497.01 0.00112269
2497.04 0.00112233
2497.08 0.00112181
2497.11 0.00112113
2497.14 0.0011203
2497.18 0.0011193
2497.22 0.00111811
2497.25 0.00111671
2497.29 0.00111509
2497.32 0.00111322
2497.36 0.00111114
2497.39 0.00110885
2497.43 0.00110641
2497.46 0.00110387
2497.5 0.00110131
2497.53 0.0010988
2497.57 0.00109641
2497.6 0.00109421
2497.64 0.00109225
2497.67 0.00109058
2497.71 0.00108923
2497.74 0.00108823
2497.78 0.00108756
2497.81 0.00108723
2497.85 0.00108722
2497.88 0.00108751
2497.91 0.00108806
2497.95 0.00108885
2497.99 0.00108985
2498.02 0.00109102
2498.06 0.00109234
2498.09 0.00109376
2498.12 0.00109527
2498.16 0.00109681
2498.2 0.00109834
2498.23 0.00109981
2498.27 0.00110118
