2463.3 0
2463.34 4.1157e-306
2463.37 3.27551e-303
2463.41 2.13704e-300
2463.44 1.35222e-297
2463.48 8.29819e-295
2463.51 4.93878e-292
2463.55 2.85074e-289
2463.58 1.59586e-286
2463.62 8.66433e-284
2463.65 4.5622e-281
2463.69 2.32978e-278
2463.72 1.15387e-275
2463.76 5.54242e-273
2463.79 2.58192e-270
2463.83 1.16651e-267
2463.86 5.1113e-265
2463.89 2.17209e-262
2463.93 8.95208e-260
2463.97 3.57826e-257
2464 1.38714e-254
2464.04 5.21518e-252
2464.07 1.9016e-249
2464.11 6.72465e-247
2464.14 2.30633e-244
2464.18 7.67139e-242
2464.21 2.47473e-239
2464.25 7.74251e-237
2464.28 2.34929e-234
2464.32 6.91342e-232
2464.35 1.9731e-229
2464.39 5.46144e-227
2464.42 1.46611e-224
2464.46 3.81703e-222
2464.49 9.63798e-220
2464.53 2.36019e-217
2464.56 5.60543e-215
2464.6 1.29114e-212
2464.63 2.88427e-210
2464.66 6.24886e-208
2464.7 1.313e-205
2464.74 2.67567e-203
2464.77 5.2881e-201
2464.81 1.0136e-198
2464.84 1.88424e-196
2464.88 3.39709e-194
2464.91 5.93989e-192
2464.95 1.00728e-189
2464.98 1.65662e-187
2465.02 2.64239e-185
2465.05 4.08762e-183
2465.09 6.13262e-181
2465.12 8.92324e-179
2465.16 1.25921e-176
2465.19 1.72337e-174
2465.23 2.28748e-172
2465.26 2.94467e-170
2465.3 3.67636e-168
2465.33 4.45143e-166
2465.37 5.22736e-164
2465.4 5.95342e-162
2465.44 6.57584e-160
2465.47 7.04428e-158
2465.51 7.31852e-156
2465.54 7.37413e-154
2465.58 7.20608e-152
2465.61 6.8295e-150
2465.64 6.27739e-148
2465.68 5.59591e-146
2465.72 4.83797e-144
2465.75 4.05655e-142
2465.79 3.29876e-140
2465.82 2.60164e-138
2465.86 1.98995e-136
2465.89 1.47618e-134
2465.93 1.06204e-132
2465.96 7.41035e-131
2466 5.01463e-129
2466.03 3.2911e-127
2466.07 2.09481e-125
2466.1 1.29315e-123
2466.14 7.74199e-122
2466.17 4.4953e-120
2466.21 2.53143e-118
2466.24 1.38253e-116
2466.28 7.32292e-115
2466.31 3.7618e-113
2466.35 1.87416e-111
2466.38 9.05567e-110
2466.41 4.24361e-108
2466.45 1.92864e-106
2466.49 8.50096e-105
2466.52 3.63401e-103
2466.56 1.50663e-101
2466.59 6.05798e-100
2466.62 2.36238e-98
2466.66 8.93459e-97
2466.7 3.27718e-95
2466.73 1.16581e-93
2466.77 4.02213e-92
2466.8 1.34582e-90
2466.84 4.36736e-89
2466.87 1.37453e-87
2466.91 4.19555e-86
2466.94 1.24201e-84
2466.98 3.56588e-83
2467.01 9.92905e-82
2467.05 2.68134e-80
2467.08 7.02259e-79
2467.12 1.7838e-77
2467.15 4.39436e-76
2467.19 1.0499e-74
2467.22 2.43279e-73
2467.26 5.46717e-72
2467.29 1.19158e-70
2467.33 2.51876e-69
2467.36 5.16362e-68
2467.39 1.02665e-66
2467.43 1.97969e-65
2467.47 3.70233e-64
2467.5 6.71515e-63
2467.54 1.18125e-61
2467.57 2.01525e-60
2467.61 3.33444e-59
2467.64 5.35082e-58
2467.68 8.32766e-57
2467.71 1.25699e-55
2467.75 1.84011e-54
2467.78 2.61254e-53
2467.82 3.5974e-52
2467.85 4.80419e-51
2467.89 6.22242e-50
2467.92 7.81637e-49
2467.96 9.52267e-48
2467.99 1.12518e-46
2468.03 1.28941e-45
2468.06 1.43308e-44
2468.1 1.54476e-43
2468.13 1.61496e-42
2468.16 1.63747e-41
2468.2 1.61026e-40
2468.24 1.5358e-39
2468.27 1.42064e-38
2468.31 1.27453e-37
2468.34 1.10899e-36
2468.38 9.35892e-36
2468.41 7.6602e-35
2468.45 6.08098e-34
2468.48 4.68196e-33
2468.52 3.49625e-32
2468.55 2.53222e-31
2468.59 1.77879e-30
2468.62 1.21192e-29
2468.66 8.00854e-29
2468.69 5.13289e-28
2468.73 3.19083e-27
2468.76 1.92389e-26
2468.8 1.12511e-25
2468.83 6.38188e-25
2468.87 3.51113e-24
2468.9 1.87366e-23
2468.94 9.69807e-23
2468.97 4.86893e-22
2469.01 2.37104e-21
2469.04 1.11997e-20
2469.08 5.13149e-20
2469.11 2.28061e-19
2469.14 9.83187e-19
2469.18 4.11155e-18
2469.22 1.66789e-17
2469.25 6.56334e-17
2469.29 2.50547e-16
2469.32 9.2783e-16
2469.36 3.33328e-15
2469.39 1.16174e-14
2469.43 3.92821e-14
2469.46 1.28866e-13
2469.5 4.10159e-13
2469.53 1.26664e-12
2469.57 3.79542e-12
2469.6 1.10354e-11
2469.64 3.11357e-11
2469.67 8.52495e-11
2469.71 2.26524e-10
2469.74 5.84185e-10
2469.78 1.46228e-09
2469.81 3.55295e-09
2469.85 8.38026e-09
2469.88 1.91901e-08
2469.91 4.26669e-08
2469.95 9.21184e-08
2469.99 1.93149e-07
2470.02 3.93359e-07
2470.06 7.78205e-07
2470.09 1.49581e-06
2470.12 2.79388e-06
2470.16 5.07183e-06
2470.2 8.95022e-06
2470.23 1.53569e-05
2470.27 2.56255e-05
2470.3 4.15951e-05
2470.34 6.56935e-05
2470.37 0.000100978
2470.41 0.000151106
2470.44 0.000220198
2470.48 0.000312581
2470.51 0.000432386
2470.55 0.000583044
2470.58 0.000766693
2470.62 0.0009836
2470.65 0.00123169
2470.69 0.00150629
2470.72 0.00180013
2470.76 0.00210377
2470.79 0.00240628
2470.83 0.00269618
2470.86 0.00296256
2470.89 0.00319599
2470.93 0.00338931
2470.97 0.00353793
2471 0.00363982
2471.04 0.00369508
2471.07 0.00370531
2471.11 0.00367302
2471.14 0.00360113
2471.18 0.00349277
2471.21 0.00335134
2471.25 0.00318076
2471.28 0.00298577
2471.32 0.00277209
2471.35 0.00254628
2471.39 0.00231547
2471.42 0.00208673
2471.46 0.00186651
2471.49 0.0016601
2471.53 0.00147125
2471.56 0.00130224
2471.6 0.00115395
2471.63 0.00102638
2471.66 0.00091895
2471.7 0.000831023
2471.74 0.000762111
2471.77 0.000712054
2471.81 0.00068102
2471.84 0.000669423
2471.88 0.000677763
2471.91 0.000706447
2471.95 0.000755597
2471.98 0.000824864
2472.02 0.000913274
2472.05 0.00101913
2472.09 0.00114001
2472.12 0.00127285
2472.16 0.00141419
2472.19 0.00156054
2472.23 0.00170871
2472.26 0.00185626
2472.3 0.00200173
2472.33 0.00214472
2472.37 0.00228578
2472.4 0.00242604
2472.44 0.00256665
2472.47 0.0027082
2472.51 0.00285017
2472.54 0.00299059
2472.58 0.00312589
2472.61 0.00325117
2472.64 0.00336074
2472.68 0.00344885
2472.72 0.00351068
2472.75 0.0035432
2472.79 0.00354586
2472.82 0.00352101
2472.86 0.00347369
2472.89 0.0034111
2472.93 0.00334148
2472.96 0.00327276
2473 0.00321119
2473.03 0.00316015
2473.07 0.00311943
2473.1 0.00308522
2473.14 0.00305066
2473.17 0.00300711
2473.21 0.00294564
2473.24 0.00285868
2473.28 0.00274139
2473.31 0.00259253
2473.35 0.00241472
2473.38 0.00221407
2473.41 0.00199928
2473.45 0.0017804
2473.49 0.00156754
2473.52 0.0013697
2473.56 0.00119387
2473.59 0.00104461
2473.62 0.000923925
2473.66 0.00083152
2473.7 0.000765293
2473.73 0.000721898
2473.77 0.000697331
2473.8 0.000687427
2473.84 0.000688241
2473.87 0.000696298
2473.91 0.000708723
2473.94 0.000723281
2473.98 0.000738349
2474.01 0.000752855
2474.05 0.000766188
2474.08 0.000778108
2474.12 0.000788647
2474.15 0.000798018
2474.19 0.000806524
2474.22 0.000814484
2474.26 0.000822173
2474.29 0.000829776
2474.33 0.000837376
2474.36 0.000844951
2474.39 0.000852402
2474.43 0.000859588
2474.47 0.000866369
2474.5 0.000872641
2474.54 0.000878364
2474.57 0.000883578
2474.61 0.000888396
2474.64 0.000892989
2474.68 0.000897566
2474.71 0.00090234
2474.75 0.000907512
2474.78 0.00091325
2474.82 0.000919684
2474.85 0.000926903
2474.89 0.000934961
2474.92 0.000943885
2474.96 0.000953678
2474.99 0.00096432
2475.03 0.000975771
2475.06 0.000987963
2475.1 0.00100079
2475.13 0.00101411
2475.16 0.00102773
2475.2 0.0010414
2475.24 0.00105486
2475.27 0.00106779
2475.31 0.00107991
2475.34 0.00109094
2475.38 0.00110067
2475.41 0.00110899
2475.45 0.00111588
2475.48 0.00112148
2475.52 0.00112601
2475.55 0.00112983
2475.59 0.00113337
2475.62 0.00113708
2475.66 0.00114142
2475.69 0.00114676
2475.73 0.00115338
2475.76 0.00116142
2475.8 0.00117087
2475.83 0.00118158
2475.87 0.00119326
2475.9 0.00120556
2475.94 0.00121807
2475.97 0.00123038
2476.01 0.00124213
2476.04 0.00125298
2476.08 0.00126272
2476.11 0.0012712
2476.14 0.00127836
2476.18 0.00128421
2476.22 0.00128882
2476.25 0.00129231
2476.29 0.00129483
2476.32 0.00129653
2476.36 0.00129756
2476.39 0.00129807
2476.43 0.0012982
2476.46 0.00129806
2476.5 0.00129777
2476.53 0.00129742
2476.57 0.00129712
2476.6 0.00129698
2476.64 0.00129713
2476.67 0.00129767
2476.71 0.00129874
2476.74 0.00130043
2476.78 0.00130284
2476.81 0.00130602
2476.85 0.00131001
2476.88 0.00131479
2476.91 0.00132032
2476.95 0.00132657
2476.99 0.00133346
2477.02 0.00134092
2477.06 0.00134888
2477.09 0.00135728
2477.12 0.00136603
2477.16 0.00137504
2477.2 0.00138418
2477.23 0.00139331
2477.27 0.00140226
2477.3 0.00141085
2477.34 0.00141888
2477.37 0.00142618
2477.41 0.0014326
2477.44 0.00143805
2477.48 0.00144248
2477.51 0.00144591
2477.55 0.00144843
2477.58 0.00145017
2477.62 0.0014513
2477.65 0.00145203
2477.69 0.00145255
2477.72 0.00145305
2477.76 0.0014537
2477.79 0.0014546
2477.83 0.00145583
2477.86 0.00145741
2477.89 0.00145934
2477.93 0.00146158
2477.97 0.00146407
2478 0.00146678
2478.04 0.00146966
2478.07 0.00147268
2478.11 0.00147583
2478.14 0.00147909
2478.18 0.00148241
2478.21 0.00148573
2478.25 0.00148894
2478.28 0.00149191
2478.32 0.00149443
2478.35 0.00149629
2478.39 0.00149728
2478.42 0.00149719
2478.46 0.00149586
2478.49 0.00149321
2478.53 0.00148921
2478.56 0.00148391
2478.6 0.00147743
2478.63 0.00146993
2478.66 0.00146156
2478.7 0.00145252
2478.74 0.00144292
2478.77 0.00143289
2478.81 0.00142248
2478.84 0.00141171
2478.88 0.00140058
2478.91 0.00138908
2478.95 0.0013772
2478.98 0.00136494
2479.02 0.00135235
2479.05 0.0013395
2479.09 0.00132648
2479.12 0.00131339
2479.16 0.00130035
2479.19 0.00128747
2479.23 0.00127483
2479.26 0.00126249
2479.3 0.00125047
2479.33 0.00123876
2479.37 0.00122731
2479.4 0.00121607
2479.44 0.00120498
2479.47 0.00119399
2479.51 0.00118309
2479.54 0.00117227
2479.58 0.00116158
2479.61 0.00115109
2479.64 0.00114091
2479.68 0.00113114
2479.72 0.00112188
2479.75 0.00111322
2479.79 0.0011052
2479.82 0.00109783
2479.86 0.00109109
2479.89 0.0010849
2479.93 0.00107916
2479.96 0.00107378
2480 0.00106866
2480.03 0.00106373
2480.07 0.00105893
2480.1 0.00105428
2480.14 0.00104983
2480.17 0.00104568
2480.21 0.00104192
2480.24 0.0010387
2480.28 0.00103612
2480.31 0.00103427
2480.35 0.00103318
2480.38 0.00103282
2480.41 0.00103312
2480.45 0.00103393
2480.49 0.00103509
2480.52 0.00103643
2480.56 0.00103777
2480.59 0.00103899
2480.62 0.00104
2480.66 0.0010408
2480.7 0.00104141
2480.73 0.00104193
2480.77 0.00104245
2480.8 0.0010431
2480.84 0.00104397
2480.87 0.0010451
2480.91 0.00104651
2480.94 0.00104812
2480.98 0.00104982
2481.01 0.00105144
2481.05 0.00105279
2481.08 0.00105366
2481.12 0.00105384
2481.15 0.00105316
2481.19 0.0010515
2481.22 0.00104879
2481.26 0.00104505
2481.29 0.00104035
2481.33 0.00103484
2481.36 0.00102871
2481.39 0.00102219
2481.43 0.00101551
2481.47 0.0010089
2481.5 0.00100254
2481.54 0.000996593
2481.57 0.000991157
2481.61 0.00098628
2481.64 0.000981964
2481.68 0.000978172
2481.71 0.00097484
2481.75 0.000971891
2481.78 0.000969251
2481.82 0.000966858
2481.85 0.000964678
2481.89 0.000962705
2481.92 0.00096097
2481.96 0.000959532
2481.99 0.00095847
2482.03 0.000957876
2482.06 0.000957832
2482.1 0.000958397
2482.13 0.000959595
2482.16 0.0009614
2482.2 0.000963732
2482.24 0.000966463
2482.27 0.00096942
2482.31 0.000972403
2482.34 0.000975203
2482.38 0.000977616
2482.41 0.000979469
2482.45 0.000980626
2482.48 0.000981001
2482.52 0.000980562
2482.55 0.000979329
2482.59 0.000977372
2482.62 0.000974801
2482.66 0.00097176
2482.69 0.000968418
2482.73 0.000964958
2482.76 0.000961568
2482.8 0.00095843
2482.83 0.000955708
2482.87 0.000953541
2482.9 0.00095203
2482.94 0.000951235
2482.97 0.000951175
2483.01 0.000951826
2483.04 0.000953133
2483.08 0.000955017
2483.11 0.000957391
2483.14 0.000960166
2483.18 0.000963257
2483.22 0.000966593
2483.25 0.000970109
2483.29 0.000973748
2483.32 0.000977449
2483.36 0.000981148
2483.39 0.000984774
2483.43 0.00098825
2483.46 0.000991498
2483.5 0.000994446
2483.53 0.000997041
2483.57 0.000999249
2483.6 0.00100107
2483.64 0.00100252
2483.67 0.00100366
2483.71 0.00100454
2483.74 0.00100524
2483.78 0.00100583
2483.81 0.00100637
2483.85 0.00100689
2483.88 0.00100743
2483.91 0.001008
2483.95 0.0010086
2483.99 0.00100924
2484.02 0.00100993
2484.06 0.00101067
2484.09 0.00101148
2484.12 0.00101238
2484.16 0.00101339
2484.2 0.00101453
2484.23 0.00101581
2484.27 0.00101722
2484.3 0.00101878
2484.34 0.00102048
2484.37 0.00102231
2484.41 0.00102426
2484.44 0.00102633
2484.48 0.0010285
2484.51 0.00103077
2484.55 0.00103312
2484.58 0.00103551
2484.62 0.00103791
2484.65 0.00104027
2484.69 0.00104256
2484.72 0.00104472
2484.76 0.00104671
2484.79 0.00104851
2484.83 0.00105009
2484.86 0.00105144
2484.89 0.00105259
2484.93 0.00105353
2484.97 0.0010543
2485 0.0010549
2485.04 0.00105536
2485.07 0.00105569
2485.11 0.0010559
2485.14 0.001056
2485.18 0.001056
2485.21 0.00105592
2485.25 0.00105579
2485.28 0.00105565
2485.32 0.00105558
2485.35 0.00105564
2485.39 0.00105592
2485.42 0.00105652
2485.46 0.00105752
2485.49 0.00105901
2485.53 0.00106103
2485.56 0.0010636
2485.6 0.0010667
2485.63 0.00107028
2485.66 0.00107424
2485.7 0.00107849
2485.74 0.00108291
2485.77 0.0010874
2485.81 0.00109185
2485.84 0.00109617
2485.88 0.00110027
2485.91 0.0011041
2485.95 0.0011076
2485.98 0.00111071
2486.02 0.00111339
2486.05 0.0011156
2486.09 0.00111731
2486.12 0.0011185
2486.16 0.0011192
2486.19 0.00111943
2486.23 0.00111925
2486.26 0.00111872
2486.3 0.00111792
2486.33 0.00111694
2486.37 0.00111585
2486.4 0.00111471
2486.44 0.00111355
2486.47 0.00111239
2486.51 0.00111123
2486.54 0.00111005
2486.58 0.00110882
2486.61 0.00110752
2486.64 0.00110616
2486.68 0.00110473
2486.72 0.00110326
2486.75 0.00110179
2486.79 0.00110039
2486.82 0.00109911
2486.86 0.001098
2486.89 0.0010971
2486.93 0.00109641
2486.96 0.00109594
2487 0.00109566
2487.03 0.00109553
2487.07 0.00109548
2487.1 0.00109548
2487.14 0.00109548
2487.17 0.00109543
2487.21 0.00109534
2487.24 0.00109519
2487.28 0.001095
2487.31 0.00109481
2487.35 0.00109464
2487.38 0.00109457
2487.41 0.00109466
2487.45 0.00109496
2487.49 0.00109556
2487.52 0.00109652
2487.56 0.00109791
2487.59 0.00109977
2487.62 0.00110212
2487.66 0.00110496
2487.7 0.00110825
2487.73 0.00111192
2487.77 0.00111587
2487.8 0.00111998
2487.84 0.00112413
2487.87 0.0011282
2487.91 0.00113206
2487.94 0.00113563
2487.98 0.00113883
2488.01 0.00114162
2488.05 0.00114399
2488.08 0.00114594
2488.12 0.0011475
2488.15 0.00114872
2488.19 0.00114965
2488.22 0.00115035
2488.26 0.00115087
2488.29 0.00115128
2488.33 0.00115165
2488.36 0.00115203
2488.39 0.00115248
2488.43 0.00115305
2488.47 0.00115378
2488.5 0.0011547
2488.54 0.00115582
2488.57 0.00115714
2488.61 0.00115862
2488.64 0.00116021
2488.68 0.00116184
2488.71 0.00116345
2488.75 0.00116494
2488.78 0.00116628
2488.82 0.00116741
2488.85 0.00116833
2488.89 0.00116907
2488.92 0.0011697
2488.96 0.00117031
2488.99 0.00117102
2489.03 0.00117193
2489.06 0.00117314
2489.1 0.00117472
2489.13 0.00117666
2489.16 0.00117895
2489.2 0.00118149
2489.24 0.00118414
2489.27 0.00118677
2489.31 0.0011892
2489.34 0.00119129
2489.38 0.0011929
2489.41 0.00119396
2489.45 0.00119446
2489.48 0.00119441
2489.52 0.00119391
2489.55 0.00119306
2489.59 0.00119202
2489.62 0.00119093
2489.66 0.00118993
2489.69 0.00118915
2489.73 0.00118867
2489.76 0.00118855
2489.8 0.00118881
2489.83 0.00118944
2489.87 0.0011904
2489.9 0.00119163
2489.94 0.00119307
2489.97 0.00119463
2490.01 0.00119626
2490.04 0.00119789
2490.08 0.00119947
2490.11 0.00120096
2490.14 0.00120234
2490.18 0.00120363
2490.22 0.00120484
2490.25 0.00120601
2490.29 0.00120718
2490.32 0.00120841
2490.36 0.00120975
2490.39 0.00121122
2490.43 0.00121285
2490.46 0.00121463
2490.5 0.00121653
2490.53 0.0012185
2490.57 0.00122048
2490.6 0.00122238
2490.64 0.00122412
2490.67 0.0012256
2490.71 0.00122675
2490.74 0.00122751
2490.78 0.00122784
2490.81 0.00122771
2490.85 0.00122714
2490.88 0.00122615
2490.91 0.00122479
2490.95 0.00122313
2490.99 0.00122125
2491.02 0.00121922
2491.06 0.00121713
2491.09 0.00121507
2491.12 0.00121311
2491.16 0.00121134
2491.2 0.00120981
2491.23 0.00120857
2491.27 0.00120766
2491.3 0.00120708
2491.34 0.00120683
2491.37 0.0012069
2491.41 0.00120726
2491.44 0.00120788
2491.48 0.00120872
2491.51 0.00120973
2491.55 0.0012109
2491.58 0.00121218
2491.62 0.00121356
2491.65 0.00121499
2491.69 0.00121646
2491.72 0.00121793
2491.76 0.00121937
2491.79 0.00122073
2491.83 0.00122195
2491.86 0.001223
2491.89 0.00122382
2491.93 0.00122435
2491.97 0.00122457
2492 0.00122445
2492.04 0.00122398
2492.07 0.00122319
2492.11 0.0012221
2492.14 0.00122075
2492.18 0.00121921
2492.21 0.00121752
2492.25 0.00121574
2492.28 0.00121391
2492.32 0.00121205
2492.35 0.00121016
2492.39 0.00120825
2492.42 0.00120631
2492.46 0.00120431
2492.49 0.00120225
2492.53 0.00120015
2492.56 0.001198
2492.6 0.00119584
2492.63 0.0011937
2492.66 0.00119162
2492.7 0.00118964
2492.74 0.00118779
2492.77 0.00118609
2492.81 0.00118455
2492.84 0.00118316
2492.88 0.0011819
2492.91 0.00118071
2492.95 0.00117953
2492.98 0.00117832
2493.02 0.00117701
2493.05 0.00117554
2493.09 0.0011739
2493.12 0.00117206
2493.16 0.00117004
2493.19 0.00116789
2493.23 0.00116567
2493.26 0.00116344
2493.3 0.0011613
2493.33 0.00115933
2493.37 0.0011576
2493.4 0.00115618
2493.44 0.00115513
2493.47 0.00115449
2493.51 0.00115428
2493.54 0.00115452
2493.58 0.0011552
2493.61 0.00115631
2493.64 0.00115782
2493.68 0.00115969
2493.72 0.00116187
2493.75 0.00116427
2493.79 0.0011668
2493.82 0.00116937
2493.86 0.00117186
2493.89 0.00117415
2493.93 0.00117613
2493.96 0.0011777
2494 0.00117881
2494.03 0.0011794
2494.07 0.0011795
2494.1 0.00117913
2494.14 0.00117839
2494.17 0.00117737
2494.21 0.00117617
2494.24 0.00117492
2494.28 0.0011737
2494.31 0.00117257
2494.35 0.00117157
2494.38 0.00117072
2494.41 0.00116999
2494.45 0.00116935
2494.49 0.00116878
2494.52 0.00116824
2494.56 0.00116771
2494.59 0.0011672
2494.62 0.00116672
2494.66 0.00116628
2494.7 0.00116591
2494.73 0.00116563
2494.77 0.00116547
2494.8 0.00116542
2494.84 0.0011655
2494.87 0.0011657
2494.91 0.001166
2494.94 0.00116638
2494.98 0.00116682
2495.01 0.00116731
2495.05 0.0011678
2495.08 0.00116828
2495.12 0.00116869
2495.15 0.00116898
2495.19 0.00116911
2495.22 0.001169
2495.26 0.00116859
2495.29 0.00116781
2495.33 0.00116663
2495.36 0.001165
2495.39 0.00116293
2495.43 0.00116044
2495.47 0.00115759
2495.5 0.00115446
2495.54 0.00115114
2495.57 0.00114776
2495.61 0.00114441
2495.64 0.0011412
2495.68 0.00113821
2495.71 0.0011355
2495.75 0.0011331
2495.78 0.00113102
2495.82 0.00112923
2495.85 0.00112771
2495.89 0.00112643
2495.92 0.00112533
2495.96 0.00112438
2495.99 0.00112356
2496.03 0.00112283
2496.06 0.00112219
2496.1 0.00112163
2496.13 0.00112115
2496.16 0.00112077
2496.2 0.00112049
2496.24 0.00112032
2496.27 0.00112025
2496.31 0.0011203
2496.34 0.00112044
2496.38 0.00112067
2496.41 0.00112097
2496.45 0.00112131
2496.48 0.00112166
2496.52 0.001122
2496.55 0.0011223
2496.59 0.00112255
2496.62 0.00112273
2496.66 0.00112286
2496.69 0.00112294
2496.73 0.001123
2496.76 0.00112307
2496.8 0.00112318
2496.83 0.00112336
2496.87 0.00112364
2496.9 0.00112402
2496.94 0.00112452
2496.97 0.00112513
2497.01 0.00112584
2497.04 0.00112663
2497.08 0.00112748
2497.11 0.00112835
2497.14 0.0011292
2497.18 0.00112998
2497.22 0.00113064
2497.25 0.00113113
2497.29 0.00113139
2497.32 0.00113137
2497.36 0.00113103
2497.39 0.00113036
2497.43 0.00112935
2497.46 0.00112801
2497.5 0.00112637
2497.53 0.0011245
2497.57 0.00112245
2497.6 0.00112028
2497.64 0.00111805
2497.67 0.00111582
2497.71 0.00111362
2497.74 0.00111148
2497.78 0.00110942
2497.81 0.00110745
2497.85 0.00110558
2497.88 0.00110384
2497.91 0.00110222
2497.95 0.00110074
2497.99 0.00109942
2498.02 0.00109826
2498.06 0.00109724
2498.09 0.00109636
2498.12 0.00109559
2498.16 0.00109488
2498.2 0.0010942
2498.23 0.00109353
2498.27 0.00109282
