2463.3 6.33888e-220
2463.34 1.55121e-217
2463.37 3.68157e-215
2463.41 8.47421e-213
2463.44 1.89177e-210
2463.48 4.09582e-208
2463.51 8.60037e-206
2463.55 1.75145e-203
2463.58 3.45925e-201
2463.62 6.62629e-199
2463.65 1.23101e-196
2463.69 2.21799e-194
2463.72 3.8758e-192
2463.76 6.56853e-190
2463.79 1.07964e-187
2463.83 1.72105e-185
2463.86 2.66082e-183
2463.89 3.98971e-181
2463.93 5.80194e-179
2463.97 8.18295e-177
2464 1.11932e-174
2464.04 1.48491e-172
2464.07 1.91054e-170
2464.11 2.38405e-168
2464.14 2.88525e-166
2464.18 3.38654e-164
2464.21 3.85511e-162
2464.25 4.25622e-160
2464.28 4.55742e-158
2464.32 4.73282e-156
2464.35 4.76683e-154
2464.39 4.65636e-152
2464.42 4.41136e-150
2464.46 4.05327e-148
2464.49 3.612e-146
2464.53 3.12175e-144
2464.56 2.61673e-142
2464.6 2.12729e-140
2464.63 1.67728e-138
2464.66 1.28261e-136
2464.7 9.51246e-135
2464.74 6.8423e-133
2464.77 4.77333e-131
2464.81 3.22963e-129
2464.84 2.11931e-127
2464.88 1.3488e-125
2464.91 8.32557e-124
2464.95 4.98416e-122
2464.98 2.8939e-120
2465.02 1.62962e-118
2465.05 8.9003e-117
2465.09 4.7145e-115
2465.12 2.42204e-113
2465.16 1.20682e-111
2465.19 5.83199e-110
2465.23 2.73342e-108
2465.26 1.24255e-106
2465.3 5.47819e-105
2465.33 2.34248e-103
2465.37 9.7148e-102
2465.4 3.90759e-100
2465.44 1.52441e-98
2465.47 5.76785e-97
2465.51 2.11663e-95
2465.54 7.5335e-94
2465.58 2.60057e-92
2465.61 8.70686e-91
2465.64 2.82733e-89
2465.68 8.90457e-88
2465.72 2.72002e-86
2465.75 8.05852e-85
2465.79 2.31559e-83
2465.82 6.45348e-82
2465.86 1.74442e-80
2465.89 4.57334e-79
2465.93 1.1629e-77
2465.96 2.86801e-76
2466 6.86036e-75
2466.03 1.59163e-73
2466.07 3.58151e-72
2466.1 7.81666e-71
2466.14 1.65465e-69
2466.17 3.39724e-68
2466.21 6.76515e-67
2466.24 1.30666e-65
2466.28 2.44784e-64
2466.31 4.44773e-63
2466.35 7.83846e-62
2466.38 1.33986e-60
2466.41 2.22141e-59
2466.45 3.5722e-58
2466.49 5.57165e-57
2466.52 8.42894e-56
2466.56 1.23681e-54
2466.59 1.76027e-53
2466.62 2.42996e-52
2466.66 3.25359e-51
2466.7 4.22547e-50
2466.73 5.32272e-49
2466.77 6.50342e-48
2466.8 7.70726e-47
2466.84 8.8595e-46
2466.87 9.87804e-45
2466.91 1.06828e-43
2466.94 1.12061e-42
2466.98 1.1402e-41
2467.01 1.12529e-40
2467.05 1.07722e-39
2467.08 1.00025e-38
2467.12 9.00884e-38
2467.15 7.87035e-37
2467.19 6.66933e-36
2467.22 5.48196e-35
2467.26 4.37075e-34
2467.29 3.38021e-33
2467.33 2.53572e-32
2467.36 1.84514e-31
2467.39 1.30235e-30
2467.43 8.91668e-30
2467.47 5.92177e-29
2467.5 3.81485e-28
2467.54 2.38386e-27
2467.57 1.44499e-26
2467.61 8.4963e-26
2467.64 4.84594e-25
2467.68 2.68109e-24
2467.71 1.4389e-23
2467.75 7.49096e-23
2467.78 3.78299e-22
2467.82 1.85321e-21
2467.85 8.80658e-21
2467.89 4.05963e-20
2467.92 1.81536e-19
2467.96 7.87482e-19
2467.99 3.31375e-18
2468.03 1.35271e-17
2468.06 5.35668e-17
2468.1 2.05777e-16
2468.13 7.66854e-16
2468.16 2.77232e-15
2468.2 9.72287e-15
2468.24 3.30802e-14
2468.27 1.09187e-13
2468.31 3.49626e-13
2468.34 1.08611e-12
2468.38 3.2733e-12
2468.41 9.57076e-12
2468.45 2.71495e-11
2468.48 7.47208e-11
2468.52 1.99522e-10
2468.55 5.1692e-10
2468.59 1.29942e-09
2468.62 3.16942e-09
2468.66 7.50119e-09
2468.69 1.72274e-08
2468.73 3.83942e-08
2468.76 8.30408e-08
2468.8 1.74311e-07
2468.83 3.55136e-07
2468.87 7.02326e-07
2468.9 1.34833e-06
2468.94 2.51315e-06
2468.97 4.54841e-06
2469.01 7.99439e-06
2469.04 1.36481e-05
2469.08 2.26366e-05
2469.11 3.6484e-05
2469.14 5.71563e-05
2469.18 8.70626e-05
2469.22 0.000128991
2469.25 0.000185961
2469.29 0.000260984
2469.32 0.000356739
2469.36 0.000475191
2469.39 0.00061719
2469.43 0.000782108
2469.46 0.00096757
2469.5 0.00116932
2469.53 0.00138127
2469.57 0.00159568
2469.6 0.00180357
2469.64 0.00199522
2469.67 0.00216079
2469.71 0.00229103
2469.74 0.00237804
2469.78 0.00241591
2469.81 0.00240145
2469.85 0.00233455
2469.88 0.00221842
2469.91 0.00205941
2469.95 0.00186656
2469.99 0.00165072
2470.02 0.00142357
2470.06 0.00119651
2470.09 0.00097961
2470.12 0.000780871
2470.16 0.000605766
2470.2 0.000457152
2470.23 0.000335502
2470.27 0.000239374
2470.3 0.000165992
2470.34 0.000111848
2470.37 7.32171e-05
2470.41 4.65545e-05
2470.44 2.87483e-05
2470.48 1.72387e-05
2470.51 1.00367e-05
2470.55 5.67317e-06
2470.58 3.11296e-06
2470.62 1.65807e-06
2470.65 8.57198e-07
2470.69 4.30116e-07
2470.72 2.09456e-07
2470.76 9.89884e-08
2470.79 4.53984e-08
2470.83 2.02044e-08
2470.86 8.72544e-09
2470.89 3.65638e-09
2470.93 1.48671e-09
2470.97 5.86561e-10
2471 2.24588e-10
2471.04 8.3594e-11
2471.07 3.06877e-11
2471.11 1.24384e-11
2471.14 9.24416e-12
2471.18 1.7389e-11
2471.21 4.53445e-11
2471.25 1.21282e-10
2471.28 3.1728e-10
2471.32 8.07312e-10
2471.35 1.99702e-09
2471.39 4.80298e-09
2471.42 1.12334e-08
2471.46 2.55547e-08
2471.49 5.65565e-08
2471.53 1.21798e-07
2471.56 2.55293e-07
2471.6 5.20923e-07
2471.63 1.03499e-06
2471.66 2.00274e-06
2471.7 3.775e-06
2471.74 6.93262e-06
2471.77 1.24062e-05
2471.81 2.16376e-05
2471.84 3.67842e-05
2471.88 6.09599e-05
2471.91 9.84905e-05
2471.95 0.000155146
2471.98 0.000238289
2472.02 0.00035686
2472.05 0.000521109
2472.09 0.000741999
2472.12 0.00103021
2472.16 0.00139477
2472.19 0.0018414
2472.23 0.00237072
2472.26 0.00297665
2472.3 0.00364532
2472.33 0.00435475
2472.37 0.00507559
2472.4 0.00577305
2472.44 0.00640972
2472.47 0.00694911
2472.51 0.00735941
2472.54 0.00761678
2472.58 0.00770776
2472.61 0.00763052
2472.64 0.00739461
2472.68 0.00701957
2472.72 0.00653245
2472.75 0.00596491
2472.79 0.00535013
2472.82 0.00472001
2472.86 0.00410292
2472.89 0.00352211
2472.93 0.00299485
2472.96 0.0025322
2473 0.00213938
2473.03 0.00181645
2473.07 0.00155941
2473.1 0.00136128
2473.14 0.00121331
2473.17 0.00110598
2473.21 0.00102995
2473.24 0.000976649
2473.28 0.000938741
2473.31 0.000910305
2473.35 0.000886865
2473.38 0.00086527
2473.41 0.000843504
2473.45 0.000820456
2473.49 0.000795695
2473.52 0.000769275
2473.56 0.000741577
2473.59 0.000713192
2473.62 0.000684838
2473.66 0.000657296
2473.7 0.000631363
2473.73 0.000607801
2473.77 0.000587299
2473.8 0.000570423
2473.84 0.000557584
2473.87 0.000549018
2473.91 0.000544775
2473.94 0.000544733
2473.98 0.000548627
2474.01 0.00055608
2474.05 0.000566644
2474.08 0.000579834
2474.12 0.000595159
2474.15 0.000612137
2474.19 0.000630313
2474.22 0.000649259
2474.26 0.000668583
2474.29 0.000687925
2474.33 0.000706964
2474.36 0.000725418
2474.39 0.000743049
2474.43 0.00075967
2474.47 0.000775151
2474.5 0.000789426
2474.54 0.00080251
2474.57 0.000814499
2474.61 0.000825585
2474.64 0.000836046
2474.68 0.000846241
2474.71 0.000856584
2474.75 0.000867505
2474.78 0.000879405
2474.82 0.000892602
2474.85 0.000907281
2474.89 0.000923461
2474.92 0.000940969
2474.96 0.000959454
2474.99 0.000978417
2475.03 0.000997269
2475.06 0.0010154
2475.1 0.00103226
2475.13 0.00104742
2475.16 0.00106063
2475.2 0.00107183
2475.24 0.00108116
2475.27 0.00108892
2475.31 0.0010955
2475.34 0.00110134
2475.38 0.00110688
2475.41 0.00111247
2475.45 0.00111837
2475.48 0.00112474
2475.52 0.00113163
2475.55 0.00113899
2475.59 0.00114671
2475.62 0.00115461
2475.66 0.00116251
2475.69 0.0011702
2475.73 0.00117747
2475.76 0.00118414
2475.8 0.00119005
2475.83 0.00119511
2475.87 0.00119928
2475.9 0.00120256
2475.94 0.00120504
2475.97 0.00120687
2476.01 0.00120821
2476.04 0.00120928
2476.08 0.00121028
2476.11 0.00121138
2476.14 0.00121272
2476.18 0.00121441
2476.22 0.00121647
2476.25 0.00121889
2476.29 0.0012216
2476.32 0.00122451
2476.36 0.00122751
2476.39 0.00123046
2476.43 0.00123325
2476.46 0.00123581
2476.5 0.00123807
2476.53 0.00124003
2476.57 0.00124171
2476.6 0.0012432
2476.64 0.00124459
2476.67 0.00124602
2476.71 0.00124758
2476.74 0.00124935
2476.78 0.00125134
2476.81 0.00125347
2476.85 0.00125559
2476.88 0.00125746
2476.91 0.0012588
2476.95 0.00125931
2476.99 0.00125873
2477.02 0.0012569
2477.06 0.00125377
2477.09 0.00124943
2477.12 0.00124416
2477.16 0.00123835
2477.2 0.00123249
2477.23 0.00122711
2477.27 0.00122273
2477.3 0.00121977
2477.34 0.00121852
2477.37 0.00121909
2477.41 0.00122143
2477.44 0.0012253
2477.48 0.00123036
2477.51 0.00123615
2477.55 0.00124221
2477.58 0.00124807
2477.62 0.00125334
2477.65 0.0012577
2477.69 0.00126095
2477.72 0.00126299
2477.76 0.00126379
2477.79 0.00126344
2477.83 0.00126205
2477.86 0.00125978
2477.89 0.00125683
2477.93 0.00125336
2477.97 0.00124956
2478 0.00124557
2478.04 0.00124151
2478.07 0.00123746
2478.11 0.00123346
2478.14 0.00122953
2478.18 0.00122563
2478.21 0.00122174
2478.25 0.0012178
2478.28 0.0012138
2478.32 0.00120972
2478.35 0.00120559
2478.39 0.00120149
2478.42 0.00119752
2478.46 0.00119382
2478.49 0.00119057
2478.53 0.00118792
2478.56 0.00118604
2478.6 0.00118504
2478.63 0.00118498
2478.66 0.00118585
2478.7 0.00118755
2478.74 0.00118994
2478.77 0.00119277
2478.81 0.00119578
2478.84 0.0011987
2478.88 0.00120125
2478.91 0.00120323
2478.95 0.00120448
2478.98 0.0012049
2479.02 0.00120449
2479.05 0.0012033
2479.09 0.0012014
2479.12 0.00119895
2479.16 0.00119607
2479.19 0.00119293
2479.23 0.00118967
2479.26 0.00118645
2479.3 0.00118342
2479.33 0.0011807
2479.37 0.00117845
2479.4 0.0011768
2479.44 0.00117589
2479.47 0.00117584
2479.51 0.00117679
2479.54 0.00117884
2479.58 0.00118208
2479.61 0.00118655
2479.64 0.00119226
2479.68 0.00119917
2479.72 0.00120717
2479.75 0.00121613
2479.79 0.00122584
2479.82 0.00123606
2479.86 0.00124654
2479.89 0.00125699
2479.93 0.00126709
2479.96 0.00127654
2480 0.00128505
2480.03 0.00129235
2480.07 0.0012982
2480.1 0.0013024
2480.14 0.00130485
2480.17 0.00130548
2480.21 0.00130435
2480.24 0.00130155
2480.28 0.00129729
2480.31 0.0012918
2480.35 0.00128538
2480.38 0.00127835
2480.41 0.00127102
2480.45 0.00126371
2480.49 0.00125668
2480.52 0.00125017
2480.56 0.00124437
2480.59 0.0012394
2480.62 0.00123533
2480.66 0.00123217
2480.7 0.00122987
2480.73 0.00122834
2480.77 0.00122743
2480.8 0.00122697
2480.84 0.00122676
2480.87 0.00122659
2480.91 0.00122626
2480.94 0.00122557
2480.98 0.00122434
2481.01 0.00122242
2481.05 0.00121972
2481.08 0.00121616
2481.12 0.00121173
2481.15 0.00120646
2481.19 0.00120042
2481.22 0.00119372
2481.26 0.00118651
2481.29 0.00117895
2481.33 0.00117121
2481.36 0.00116345
2481.39 0.00115582
2481.43 0.00114846
2481.47 0.00114148
2481.5 0.00113497
2481.54 0.00112899
2481.57 0.00112361
2481.61 0.00111888
2481.64 0.00111486
2481.68 0.00111161
2481.71 0.00110919
2481.75 0.00110766
2481.78 0.00110707
2481.82 0.00110744
2481.85 0.00110878
2481.89 0.00111103
2481.92 0.00111409
2481.96 0.00111781
2481.99 0.00112198
2482.03 0.00112638
2482.06 0.00113076
2482.1 0.00113488
2482.13 0.00113849
2482.16 0.00114144
2482.2 0.00114358
2482.24 0.00114486
2482.27 0.00114528
2482.31 0.00114494
2482.34 0.00114396
2482.38 0.00114253
2482.41 0.00114085
2482.45 0.00113914
2482.48 0.00113758
2482.52 0.00113633
2482.55 0.00113546
2482.59 0.00113499
2482.62 0.00113489
2482.66 0.00113503
2482.69 0.00113524
2482.73 0.00113534
2482.76 0.00113511
2482.8 0.00113435
2482.83 0.0011329
2482.87 0.00113066
2482.9 0.00112757
2482.94 0.00112369
2482.97 0.0011191
2483.01 0.00111398
2483.04 0.00110854
2483.08 0.00110304
2483.11 0.00109772
2483.14 0.00109282
2483.18 0.00108853
2483.22 0.00108501
2483.25 0.00108235
2483.29 0.00108056
2483.32 0.0010796
2483.36 0.00107937
2483.39 0.00107975
2483.43 0.00108055
2483.46 0.00108161
2483.5 0.00108274
2483.53 0.00108377
2483.57 0.00108453
2483.6 0.00108489
2483.64 0.00108472
2483.67 0.00108394
2483.71 0.00108247
2483.74 0.00108029
2483.78 0.00107739
2483.81 0.00107382
2483.85 0.00106966
2483.88 0.00106503
2483.91 0.00106007
2483.95 0.00105496
2483.99 0.00104988
2484.02 0.001045
2484.06 0.00104048
2484.09 0.00103647
2484.12 0.00103309
2484.16 0.00103043
2484.2 0.00102857
2484.23 0.00102755
2484.27 0.00102738
2484.3 0.00102805
2484.34 0.00102954
2484.37 0.00103176
2484.41 0.00103463
2484.44 0.00103804
2484.48 0.00104184
2484.51 0.00104592
2484.55 0.00105015
2484.58 0.00105445
2484.62 0.00105876
2484.65 0.00106308
2484.69 0.00106744
2484.72 0.00107188
2484.76 0.00107648
2484.79 0.00108129
2484.83 0.00108633
2484.86 0.00109158
2484.89 0.00109696
2484.93 0.00110235
2484.97 0.00110759
2485 0.00111249
2485.04 0.00111687
2485.07 0.00112059
2485.11 0.00112354
2485.14 0.00112568
2485.18 0.00112704
2485.21 0.00112769
2485.25 0.00112776
2485.28 0.00112736
2485.32 0.00112664
2485.35 0.00112571
2485.39 0.00112465
2485.42 0.00112352
2485.46 0.00112234
2485.49 0.00112113
2485.53 0.00111989
2485.56 0.00111861
2485.6 0.00111729
2485.63 0.00111593
2485.66 0.00111452
2485.7 0.00111308
2485.74 0.00111161
2485.77 0.00111008
2485.81 0.00110851
2485.84 0.00110688
2485.88 0.00110519
2485.91 0.00110346
2485.95 0.00110171
2485.98 0.00109997
2486.02 0.00109828
2486.05 0.00109669
2486.09 0.00109524
2486.12 0.00109397
2486.16 0.00109291
2486.19 0.00109209
2486.23 0.00109153
2486.26 0.00109125
2486.3 0.00109125
2486.33 0.00109156
2486.37 0.00109218
2486.4 0.00109311
2486.44 0.00109434
2486.47 0.00109584
2486.51 0.00109757
2486.54 0.00109948
2486.58 0.00110149
2486.61 0.00110355
2486.64 0.00110561
2486.68 0.00110763
2486.72 0.00110962
2486.75 0.00111161
2486.79 0.00111365
2486.82 0.00111583
2486.86 0.00111822
2486.89 0.00112091
2486.93 0.00112395
2486.96 0.00112737
2487 0.00113116
2487.03 0.00113527
2487.07 0.00113964
2487.1 0.0011442
2487.14 0.00114887
2487.17 0.00115357
2487.21 0.00115825
2487.24 0.00116285
2487.28 0.00116735
2487.31 0.0011717
2487.35 0.00117588
2487.38 0.00117985
2487.41 0.00118357
2487.45 0.00118702
2487.49 0.00119015
2487.52 0.00119296
2487.56 0.00119545
2487.59 0.00119766
2487.62 0.00119964
2487.66 0.00120149
2487.7 0.00120331
2487.73 0.00120522
2487.77 0.00120733
2487.8 0.00120975
2487.84 0.00121258
2487.87 0.00121589
2487.91 0.00121972
2487.94 0.00122409
2487.98 0.00122899
2488.01 0.00123436
2488.05 0.00124013
2488.08 0.00124617
2488.12 0.00125235
2488.15 0.00125852
2488.19 0.00126449
2488.22 0.00127012
2488.26 0.00127527
2488.29 0.00127982
2488.33 0.00128373
2488.36 0.00128697
2488.39 0.00128958
2488.43 0.00129162
2488.47 0.00129322
2488.5 0.00129448
2488.54 0.00129552
2488.57 0.00129645
2488.61 0.00129734
2488.64 0.00129824
2488.68 0.00129914
2488.71 0.0013
2488.75 0.00130077
2488.78 0.00130136
2488.82 0.00130172
2488.85 0.00130178
2488.89 0.00130151
2488.92 0.00130093
2488.96 0.00130007
2488.99 0.00129899
2489.03 0.00129775
2489.06 0.00129644
2489.1 0.00129511
2489.13 0.00129381
2489.16 0.00129259
2489.2 0.00129144
2489.24 0.00129038
2489.27 0.0012894
2489.31 0.0012885
2489.34 0.00128765
2489.38 0.00128683
2489.41 0.00128602
2489.45 0.00128518
2489.48 0.00128426
2489.52 0.00128319
2489.55 0.0012819
2489.59 0.00128033
2489.62 0.00127841
2489.66 0.00127609
2489.69 0.00127334
2489.73 0.00127019
2489.76 0.00126666
2489.8 0.00126284
2489.83 0.00125881
2489.87 0.00125471
2489.9 0.00125066
2489.94 0.00124679
2489.97 0.0012432
2490.01 0.00123998
2490.04 0.00123718
2490.08 0.00123481
2490.11 0.00123284
2490.14 0.00123122
2490.18 0.00122984
2490.22 0.00122858
2490.25 0.00122733
2490.29 0.00122595
2490.32 0.00122434
2490.36 0.00122241
2490.39 0.0012201
2490.43 0.00121743
2490.46 0.00121443
2490.5 0.00121117
2490.53 0.00120775
2490.57 0.0012043
2490.6 0.00120092
2490.64 0.00119771
2490.67 0.00119475
2490.71 0.00119209
2490.74 0.00118973
2490.78 0.00118765
2490.81 0.00118579
2490.85 0.0011841
2490.88 0.00118251
2490.91 0.00118094
2490.95 0.00117934
2490.99 0.00117768
2491.02 0.00117594
2491.06 0.00117413
2491.09 0.00117229
2491.12 0.00117046
2491.16 0.00116872
2491.2 0.00116711
2491.23 0.00116571
2491.27 0.00116457
2491.3 0.00116372
2491.34 0.00116319
2491.37 0.00116302
2491.41 0.00116321
2491.44 0.00116379
2491.48 0.00116476
2491.51 0.00116614
2491.55 0.00116795
2491.58 0.00117018
2491.62 0.00117283
2491.65 0.00117587
2491.69 0.00117926
2491.72 0.00118294
2491.76 0.00118683
2491.79 0.00119082
2491.83 0.00119478
2491.86 0.00119859
2491.89 0.00120212
2491.93 0.00120526
2491.97 0.00120792
2492 0.00121004
2492.04 0.00121159
2492.07 0.00121259
2492.11 0.00121309
2492.14 0.00121314
2492.18 0.00121285
2492.21 0.00121229
2492.25 0.00121154
2492.28 0.00121067
2492.32 0.00120972
2492.35 0.00120871
2492.39 0.00120766
2492.42 0.00120655
2492.46 0.00120539
2492.49 0.00120415
2492.53 0.00120283
2492.56 0.00120143
2492.6 0.00119996
2492.63 0.00119844
2492.66 0.00119689
2492.7 0.00119535
2492.74 0.00119383
2492.77 0.00119239
2492.81 0.00119106
2492.84 0.00118987
2492.88 0.00118885
2492.91 0.00118802
2492.95 0.00118741
2492.98 0.00118702
2493.02 0.00118684
2493.05 0.00118687
2493.09 0.00118709
2493.12 0.0011875
2493.16 0.00118807
2493.19 0.0011888
2493.23 0.00118967
2493.26 0.00119068
2493.3 0.00119181
2493.33 0.00119305
2493.37 0.00119438
2493.4 0.00119579
2493.44 0.00119725
2493.47 0.00119874
2493.51 0.00120023
2493.54 0.00120169
2493.58 0.0012031
2493.61 0.00120442
2493.64 0.00120562
2493.68 0.00120668
2493.72 0.00120755
2493.75 0.0012082
2493.79 0.0012086
2493.82 0.00120871
2493.86 0.00120853
2493.89 0.00120805
2493.93 0.0012073
2493.96 0.00120633
2494 0.00120519
2494.03 0.00120396
2494.07 0.00120272
2494.1 0.00120153
2494.14 0.00120047
2494.17 0.00119955
2494.21 0.00119881
2494.24 0.00119823
2494.28 0.00119778
2494.31 0.00119742
2494.35 0.00119707
2494.38 0.00119669
2494.41 0.0011962
2494.45 0.00119558
2494.49 0.00119476
2494.52 0.00119373
2494.56 0.00119247
2494.59 0.00119098
2494.62 0.00118929
2494.66 0.00118741
2494.7 0.00118539
2494.73 0.0011833
2494.77 0.0011812
2494.8 0.00117919
2494.84 0.00117737
2494.87 0.00117584
2494.91 0.0011747
2494.94 0.00117405
2494.98 0.00117396
2495.01 0.00117447
2495.05 0.00117557
2495.08 0.00117724
2495.12 0.0011794
2495.15 0.00118193
2495.19 0.00118469
2495.22 0.00118754
2495.26 0.00119031
2495.29 0.00119287
2495.33 0.00119511
2495.36 0.00119696
2495.39 0.00119836
2495.43 0.00119934
2495.47 0.00119994
2495.5 0.00120023
2495.54 0.00120031
2495.57 0.0012003
2495.61 0.00120032
2495.64 0.00120045
2495.68 0.00120078
2495.71 0.00120135
2495.75 0.00120219
2495.78 0.00120325
2495.82 0.0012045
2495.85 0.00120584
2495.89 0.0012072
2495.92 0.00120849
2495.96 0.00120964
2495.99 0.00121059
2496.03 0.00121134
2496.06 0.00121188
2496.1 0.00121225
2496.13 0.00121247
2496.16 0.00121258
2496.2 0.0012126
2496.24 0.00121254
2496.27 0.00121238
2496.31 0.0012121
2496.34 0.00121165
2496.38 0.00121099
2496.41 0.00121009
2496.45 0.00120892
2496.48 0.00120748
2496.52 0.00120577
2496.55 0.00120383
2496.59 0.00120171
2496.62 0.00119944
2496.66 0.00119712
2496.69 0.0011948
2496.73 0.00119256
2496.76 0.00119046
2496.8 0.00118857
2496.83 0.00118694
2496.87 0.00118559
2496.9 0.00118452
2496.94 0.00118374
2496.97 0.0011832
2497.01 0.00118284
2497.04 0.00118262
2497.08 0.00118244
2497.11 0.00118224
2497.14 0.00118194
2497.18 0.0011815
2497.22 0.00118087
2497.25 0.00118003
2497.29 0.00117899
2497.32 0.00117777
2497.36 0.00117642
2497.39 0.00117497
2497.43 0.00117348
2497.46 0.001172
2497.5 0.00117057
2497.53 0.00116924
2497.57 0.00116803
2497.6 0.001167
2497.64 0.00116615
2497.67 0.00116554
2497.71 0.00116518
2497.74 0.00116511
2497.78 0.00116535
2497.81 0.00116591
2497.85 0.00116679
2497.88 0.00116796
2497.91 0.0011694
2497.95 0.00117104
2497.99 0.0011728
2498.02 0.00117459
2498.06 0.00117632
2498.09 0.00117788
2498.12 0.00117919
2498.16 0.00118018
2498.2 0.00118082
2498.23 0.00118109
2498.27 0.00118102
