2463.3 1.03201e-242
2463.34 3.33134e-240
2463.37 1.04293e-237
2463.41 3.16657e-235
2463.44 9.32452e-233
2463.48 2.66296e-230
2463.51 7.37571e-228
2463.55 1.98127e-225
2463.58 5.16163e-223
2463.62 1.30416e-220
2463.65 3.19576e-218
2463.69 7.59487e-216
2463.72 1.75052e-213
2463.76 3.91306e-211
2463.79 8.48334e-209
2463.83 1.78369e-206
2463.86 3.63725e-204
2463.89 7.1933e-202
2463.93 1.3797e-199
2463.97 2.56652e-197
2464 4.63025e-195
2464.04 8.10153e-193
2464.07 1.37478e-190
2464.11 2.26255e-188
2464.14 3.61133e-186
2464.18 5.59034e-184
2464.21 8.39289e-182
2464.25 1.22205e-179
2464.28 1.7257e-177
2464.32 2.36345e-175
2464.35 3.13927e-173
2464.39 4.04403e-171
2464.42 5.05246e-169
2464.46 6.12202e-167
2464.49 7.1943e-165
2464.53 8.19948e-163
2464.56 9.0633e-161
2464.6 9.71606e-159
2464.63 1.01018e-156
2464.66 1.01861e-154
2464.7 9.96142e-153
2464.74 9.44797e-151
2464.77 8.6908e-149
2464.81 7.75327e-147
2464.84 6.70833e-145
2464.88 5.62921e-143
2464.91 4.58126e-141
2464.95 3.61599e-139
2464.98 2.76805e-137
2465.02 2.05506e-135
2465.05 1.47973e-133
2465.09 1.03334e-131
2465.12 6.99856e-130
2465.16 4.59706e-128
2465.19 2.92858e-126
2465.23 1.80943e-124
2465.26 1.08425e-122
2465.3 6.30121e-121
2465.33 3.55161e-119
2465.37 1.94148e-117
2465.4 1.02931e-115
2465.44 5.29258e-114
2465.47 2.63934e-112
2465.51 1.27653e-110
2465.54 5.98789e-109
2465.58 2.72411e-107
2465.61 1.20194e-105
2465.64 5.14339e-104
2465.68 2.13464e-102
2465.72 8.59229e-101
2465.75 3.3543e-99
2465.79 1.27e-97
2465.82 4.66355e-96
2465.86 1.66088e-94
2465.89 5.73682e-93
2465.93 1.92183e-91
2465.96 6.24408e-90
2466 1.96758e-88
2466.03 6.01326e-87
2466.07 1.78237e-85
2466.1 5.12388e-84
2466.14 1.42861e-82
2466.17 3.86313e-81
2466.21 1.01316e-79
2466.24 2.57711e-78
2466.28 6.35772e-77
2466.31 1.52119e-75
2466.35 3.53007e-74
2466.38 7.94505e-73
2466.41 1.73431e-71
2466.45 3.67175e-70
2466.49 7.5394e-69
2466.52 1.50147e-67
2466.56 2.90013e-66
2466.59 5.43294e-65
2466.62 9.87126e-64
2466.66 1.73952e-62
2466.7 2.97308e-61
2466.73 4.92839e-60
2466.77 7.92365e-59
2466.8 1.23557e-57
2466.84 1.86867e-56
2466.87 2.74108e-55
2466.91 3.89973e-54
2466.94 5.38112e-53
2466.98 7.20171e-52
2467.01 9.34815e-51
2467.05 1.17691e-49
2467.08 1.4371e-48
2467.12 1.70201e-47
2467.15 1.95508e-46
2467.19 2.1782e-45
2467.22 2.35376e-44
2467.26 2.46694e-43
2467.29 2.50777e-42
2467.33 2.47258e-41
2467.36 2.36455e-40
2467.39 2.19322e-39
2467.43 1.97311e-38
2467.47 1.72171e-37
2467.5 1.45715e-36
2467.54 1.19617e-35
2467.57 9.52396e-35
2467.61 7.35505e-34
2467.64 5.5093e-33
2467.68 4.00268e-32
2467.71 2.82066e-31
2467.75 1.92795e-30
2467.78 1.27817e-29
2467.82 8.21921e-29
2467.85 5.1265e-28
2467.89 3.10143e-27
2467.92 1.81994e-26
2467.96 1.03587e-25
2467.99 5.71881e-25
2468.03 3.06241e-24
2468.06 1.59067e-23
2468.1 8.01406e-23
2468.13 3.9164e-22
2468.16 1.85645e-21
2468.2 8.53574e-21
2468.24 3.80684e-20
2468.27 1.64685e-19
2468.31 6.91053e-19
2468.34 2.8128e-18
2468.38 1.11054e-17
2468.41 4.25311e-17
2468.45 1.57998e-16
2468.48 5.69346e-16
2468.52 1.99012e-15
2468.55 6.7478e-15
2468.59 2.21937e-14
2468.62 7.08086e-14
2468.66 2.19145e-13
2468.69 6.57917e-13
2468.73 1.91606e-12
2468.76 5.41312e-12
2468.8 1.48352e-11
2468.83 3.94416e-11
2468.87 1.01727e-10
2468.9 2.54532e-10
2468.94 6.17859e-10
2468.97 1.45507e-09
2469.01 3.32463e-09
2469.04 7.37024e-09
2469.08 1.58532e-08
2469.11 3.30884e-08
2469.14 6.70169e-08
2469.18 1.31728e-07
2469.22 2.51302e-07
2469.25 4.65365e-07
2469.29 8.3662e-07
2469.32 1.46042e-06
2469.36 2.47587e-06
2469.39 4.0775e-06
2469.43 6.52539e-06
2469.46 1.01513e-05
2469.5 1.53581e-05
2469.53 2.26086e-05
2469.57 3.24042e-05
2469.6 4.52511e-05
2469.64 6.16189e-05
2469.67 8.18947e-05
2469.71 0.00010634
2469.74 0.000135054
2469.78 0.000167947
2469.81 0.000204727
2469.85 0.000244881
2469.88 0.00028767
2469.91 0.000332109
2469.95 0.000376949
2469.99 0.000420668
2470.02 0.000461487
2470.06 0.000497424
2470.09 0.000526414
2470.12 0.00054648
2470.16 0.000555954
2470.2 0.000553702
2470.23 0.000539324
2470.27 0.000513273
2470.3 0.000476866
2470.34 0.000432174
2470.37 0.000381806
2470.41 0.000328623
2470.44 0.00027543
2470.48 0.000224704
2470.51 0.000178385
2470.55 0.000137777
2470.58 0.000103536
2470.62 7.57514e-05
2470.65 5.40816e-05
2470.69 3.79243e-05
2470.72 2.65893e-05
2470.76 1.94602e-05
2470.79 1.61351e-05
2470.83 1.65441e-05
2470.86 2.10441e-05
2470.89 3.0492e-05
2470.93 4.62897e-05
2470.97 7.03924e-05
2471 0.000105264
2471.04 0.000153767
2471.07 0.000218981
2471.11 0.000303951
2471.14 0.0004114
2471.18 0.000543438
2471.21 0.000701322
2471.25 0.000885314
2471.28 0.00109467
2471.32 0.00132774
2471.35 0.00158218
2471.39 0.00185511
2471.42 0.00214327
2471.46 0.00244299
2471.49 0.00274999
2471.53 0.00305915
2471.56 0.00336417
2471.6 0.00365736
2471.63 0.00392971
2471.66 0.00417121
2471.7 0.00437156
2471.74 0.00452104
2471.77 0.00461156
2471.81 0.00463755
2471.84 0.00459668
2471.88 0.00449014
2471.91 0.00432257
2471.95 0.00410155
2471.98 0.00383681
2472.02 0.00353932
2472.05 0.00322038
2472.09 0.00289076
2472.12 0.0025602
2472.16 0.002237
2472.19 0.00192797
2472.23 0.0016384
2472.26 0.00137227
2472.3 0.00113234
2472.33 0.000920313
2472.37 0.000736938
2472.4 0.000582073
2472.44 0.00045476
2472.47 0.000353323
2472.51 0.000275491
2472.54 0.000218568
2472.58 0.000179623
2472.61 0.000155677
2472.64 0.000143885
2472.68 0.000141671
2472.72 0.000146841
2472.75 0.000157642
2472.79 0.000172803
2472.82 0.00019155
2472.86 0.000213606
2472.89 0.000239176
2472.93 0.00026892
2472.96 0.000303886
2473 0.000345413
2473.03 0.000394991
2473.07 0.000454071
2473.1 0.000523849
2473.14 0.000605044
2473.17 0.000697714
2473.21 0.000801148
2473.24 0.000913877
2473.28 0.00103382
2473.31 0.00115855
2473.35 0.00128567
2473.38 0.00141312
2473.41 0.00153948
2473.45 0.00166403
2473.49 0.00178659
2473.52 0.0019072
2473.56 0.00202558
2473.59 0.0021406
2473.62 0.00224992
2473.66 0.00234977
2473.7 0.00243522
2473.73 0.00250059
2473.77 0.00254025
2473.8 0.00254939
2473.84 0.00252486
2473.87 0.00246562
2473.91 0.00237311
2473.94 0.00225111
2473.98 0.00210543
2474.01 0.00194344
2474.05 0.00177348
2474.08 0.00160428
2474.12 0.00144457
2474.15 0.0013027
2474.19 0.00118651
2474.22 0.00110316
2474.26 0.00105905
2474.29 0.00105967
2474.33 0.00110935
2474.36 0.00121078
2474.39 0.00136454
2474.43 0.00156845
2474.47 0.00181709
2474.5 0.00210159
2474.54 0.00240979
2474.57 0.00272697
2474.61 0.00303701
2474.64 0.00332399
2474.68 0.00357375
2474.71 0.00377534
2474.75 0.0039219
2474.78 0.00401084
2474.82 0.00404338
2474.85 0.00402355
2474.89 0.00395694
2474.92 0.00384964
2474.96 0.00370739
2474.99 0.0035354
2475.03 0.0033385
2475.06 0.00312159
2475.1 0.00289015
2475.13 0.00265047
2475.16 0.00240967
2475.2 0.0021752
2475.24 0.00195426
2475.27 0.00175306
2475.31 0.00157619
2475.34 0.00142629
2475.38 0.00130397
2475.41 0.00120806
2475.45 0.00113601
2475.48 0.00108445
2475.52 0.00104968
2475.55 0.00102806
2475.59 0.00101639
2475.62 0.00101196
2475.66 0.00101266
2475.69 0.00101689
2475.73 0.00102348
2475.76 0.00103159
2475.8 0.00104059
2475.83 0.00105002
2475.87 0.00105951
2475.9 0.00106877
2475.94 0.00107761
2475.97 0.0010859
2476.01 0.0010936
2476.04 0.00110074
2476.08 0.00110738
2476.11 0.00111362
2476.14 0.00111955
2476.18 0.0011252
2476.22 0.00113057
2476.25 0.00113562
2476.29 0.00114025
2476.32 0.00114433
2476.36 0.00114774
2476.39 0.00115037
2476.43 0.00115215
2476.46 0.00115303
2476.5 0.00115303
2476.53 0.00115218
2476.57 0.00115055
2476.6 0.00114827
2476.64 0.00114545
2476.67 0.00114227
2476.71 0.00113891
2476.74 0.00113559
2476.78 0.00113253
2476.81 0.00112998
2476.85 0.00112817
2476.88 0.00112729
2476.91 0.00112749
2476.95 0.00112883
2476.99 0.00113131
2477.02 0.00113483
2477.06 0.00113923
2477.09 0.00114431
2477.12 0.00114983
2477.16 0.00115559
2477.2 0.00116137
2477.23 0.00116704
2477.27 0.00117248
2477.3 0.00117763
2477.34 0.00118246
2477.37 0.00118694
2477.41 0.00119105
2477.44 0.00119477
2477.48 0.00119803
2477.51 0.00120077
2477.55 0.0012029
2477.58 0.00120436
2477.62 0.00120509
2477.65 0.00120506
2477.69 0.00120429
2477.72 0.00120286
2477.76 0.00120086
2477.79 0.00119844
2477.83 0.00119576
2477.86 0.00119299
2477.89 0.00119027
2477.93 0.0011877
2477.97 0.00118531
2478 0.0011831
2478.04 0.00118097
2478.07 0.0011788
2478.11 0.00117643
2478.14 0.00117371
2478.18 0.00117048
2478.21 0.00116664
2478.25 0.00116214
2478.28 0.00115696
2478.32 0.00115116
2478.35 0.00114483
2478.39 0.00113807
2478.42 0.00113101
2478.46 0.00112378
2478.49 0.00111649
2478.53 0.00110926
2478.56 0.00110219
2478.6 0.00109539
2478.63 0.00108894
2478.66 0.00108297
2478.7 0.00107757
2478.74 0.00107282
2478.77 0.00106878
2478.81 0.00106549
2478.84 0.00106292
2478.88 0.001061
2478.91 0.0010596
2478.95 0.00105858
2478.98 0.00105776
2479.02 0.00105698
2479.05 0.0010561
2479.09 0.00105503
2479.12 0.00105372
2479.16 0.00105218
2479.19 0.00105048
2479.23 0.00104873
2479.26 0.00104704
2479.3 0.00104558
2479.33 0.00104446
2479.37 0.00104382
2479.4 0.00104375
2479.44 0.00104433
2479.47 0.00104559
2479.51 0.00104752
2479.54 0.00105007
2479.58 0.00105318
2479.61 0.00105672
2479.64 0.00106058
2479.68 0.00106459
2479.72 0.0010686
2479.75 0.00107244
2479.79 0.00107596
2479.82 0.00107899
2479.86 0.00108139
2479.89 0.00108302
2479.93 0.00108378
2479.96 0.00108355
2480 0.00108229
2480.03 0.00107997
2480.07 0.00107661
2480.1 0.0010723
2480.14 0.00106717
2480.17 0.00106143
2480.21 0.0010553
2480.24 0.00104906
2480.28 0.00104298
2480.31 0.00103732
2480.35 0.00103233
2480.38 0.00102819
2480.41 0.00102502
2480.45 0.00102287
2480.49 0.00102172
2480.52 0.00102149
2480.56 0.00102202
2480.59 0.00102312
2480.62 0.00102459
2480.66 0.00102619
2480.7 0.00102772
2480.73 0.00102897
2480.77 0.00102979
2480.8 0.00103002
2480.84 0.00102958
2480.87 0.00102839
2480.91 0.00102642
2480.94 0.00102366
2480.98 0.00102014
2481.01 0.00101594
2481.05 0.00101117
2481.08 0.00100596
2481.12 0.00100051
2481.15 0.00099502
2481.19 0.0009897
2481.22 0.000984768
2481.26 0.000980421
2481.29 0.000976825
2481.33 0.000974101
2481.36 0.000972321
2481.39 0.000971506
2481.43 0.000971624
2481.47 0.000972597
2481.5 0.00097431
2481.54 0.000976615
2481.57 0.000979348
2481.61 0.000982335
2481.64 0.000985404
2481.68 0.000988394
2481.71 0.000991168
2481.75 0.000993614
2481.78 0.00099565
2481.82 0.000997224
2481.85 0.00099831
2481.89 0.000998901
2481.92 0.000999004
2481.96 0.000998636
2481.99 0.000997818
2482.03 0.000996578
2482.06 0.000994951
2482.1 0.000992989
2482.13 0.000990761
2482.16 0.000988358
2482.2 0.000985892
2482.24 0.000983491
2482.27 0.000981286
2482.31 0.000979406
2482.34 0.000977957
2482.38 0.000977012
2482.41 0.000976605
2482.45 0.000976725
2482.48 0.000977319
2482.52 0.000978294
2482.55 0.000979532
2482.59 0.000980902
2482.62 0.00098227
2482.66 0.000983518
2482.69 0.000984549
2482.73 0.000985302
2482.76 0.000985756
2482.8 0.000985929
2482.83 0.00098588
2482.87 0.000985697
2482.9 0.000985491
2482.94 0.000985377
2482.97 0.000985465
2483.01 0.000985843
2483.04 0.000986573
2483.08 0.000987677
2483.11 0.000989149
2483.14 0.000990952
2483.18 0.000993035
2483.22 0.000995342
2483.25 0.000997827
2483.29 0.00100046
2483.32 0.00100325
2483.36 0.00100623
2483.39 0.00100944
2483.43 0.00101297
2483.46 0.00101688
2483.5 0.00102127
2483.53 0.00102618
2483.57 0.00103163
2483.6 0.00103764
2483.64 0.00104414
2483.67 0.00105108
2483.71 0.00105834
2483.74 0.00106581
2483.78 0.00107336
2483.81 0.00108084
2483.85 0.00108811
2483.88 0.00109501
2483.91 0.00110141
2483.95 0.00110714
2483.99 0.00111206
2484.02 0.00111604
2484.06 0.00111896
2484.09 0.00112076
2484.12 0.00112141
2484.16 0.00112096
2484.2 0.00111951
2484.23 0.00111723
2484.27 0.00111432
2484.3 0.00111102
2484.34 0.00110756
2484.37 0.00110416
2484.41 0.001101
2484.44 0.0010982
2484.48 0.00109584
2484.51 0.00109394
2484.55 0.00109248
2484.58 0.0010914
2484.62 0.00109065
2484.65 0.00109015
2484.69 0.00108985
2484.72 0.00108971
2484.76 0.0010897
2484.79 0.0010898
2484.83 0.00109002
2484.86 0.00109035
2484.89 0.00109081
2484.93 0.00109141
2484.97 0.00109218
2485 0.00109317
2485.04 0.00109442
2485.07 0.00109599
2485.11 0.00109795
2485.14 0.00110035
2485.18 0.00110324
2485.21 0.00110664
2485.25 0.00111056
2485.28 0.00111494
2485.32 0.00111974
2485.35 0.00112485
2485.39 0.00113016
2485.42 0.00113553
2485.46 0.00114083
2485.49 0.00114592
2485.53 0.00115069
2485.56 0.00115504
2485.6 0.00115889
2485.63 0.00116222
2485.66 0.00116502
2485.7 0.0011673
2485.74 0.00116911
2485.77 0.00117051
2485.81 0.00117158
2485.84 0.0011724
2485.88 0.00117303
2485.91 0.00117354
2485.95 0.00117399
2485.98 0.00117442
2486.02 0.00117485
2486.05 0.00117531
2486.09 0.00117582
2486.12 0.00117638
2486.16 0.001177
2486.19 0.00117767
2486.23 0.00117839
2486.26 0.00117916
2486.3 0.00117994
2486.33 0.00118075
2486.37 0.00118155
2486.4 0.00118237
2486.44 0.0011832
2486.47 0.00118405
2486.51 0.00118496
2486.54 0.00118593
2486.58 0.00118697
2486.61 0.00118807
2486.64 0.00118922
2486.68 0.00119039
2486.72 0.00119153
2486.75 0.0011926
2486.79 0.00119356
2486.82 0.0011944
2486.86 0.00119509
2486.89 0.00119565
2486.93 0.0011961
2486.96 0.00119647
2487 0.0011968
2487.03 0.00119713
2487.07 0.00119748
2487.1 0.00119786
2487.14 0.0011983
2487.17 0.00119877
2487.21 0.0011993
2487.24 0.00119987
2487.28 0.00120052
2487.31 0.00120127
2487.35 0.00120218
2487.38 0.0012033
2487.41 0.00120469
2487.45 0.00120642
2487.49 0.00120853
2487.52 0.00121102
2487.56 0.00121389
2487.59 0.00121709
2487.62 0.00122054
2487.66 0.00122414
2487.7 0.00122778
2487.73 0.00123135
2487.77 0.00123475
2487.8 0.0012379
2487.84 0.00124077
2487.87 0.00124335
2487.91 0.00124564
2487.94 0.0012477
2487.98 0.00124955
2488.01 0.00125125
2488.05 0.00125282
2488.08 0.00125425
2488.12 0.00125552
2488.15 0.00125657
2488.19 0.00125733
2488.22 0.00125771
2488.26 0.00125763
2488.29 0.00125704
2488.33 0.0012559
2488.36 0.0012542
2488.39 0.00125201
2488.43 0.0012494
2488.47 0.00124649
2488.5 0.00124342
2488.54 0.00124034
2488.57 0.00123743
2488.61 0.00123482
2488.64 0.00123265
2488.68 0.001231
2488.71 0.00122996
2488.75 0.00122954
2488.78 0.00122974
2488.82 0.00123052
2488.85 0.00123182
2488.89 0.00123355
2488.92 0.00123563
2488.96 0.00123794
2488.99 0.00124041
2489.03 0.00124294
2489.06 0.00124546
2489.1 0.00124791
2489.13 0.00125023
2489.16 0.00125238
2489.2 0.00125433
2489.24 0.00125605
2489.27 0.00125752
2489.31 0.00125873
2489.34 0.00125968
2489.38 0.00126038
2489.41 0.00126085
2489.45 0.00126112
2489.48 0.00126123
2489.52 0.00126123
2489.55 0.00126118
2489.59 0.00126113
2489.62 0.00126112
2489.66 0.00126121
2489.69 0.00126141
2489.73 0.00126175
2489.76 0.00126222
2489.8 0.00126283
2489.83 0.00126356
2489.87 0.00126439
2489.9 0.00126531
2489.94 0.00126632
2489.97 0.00126742
2490.01 0.00126865
2490.04 0.00127003
2490.08 0.00127159
2490.11 0.00127338
2490.14 0.0012754
2490.18 0.00127768
2490.22 0.00128021
2490.25 0.00128293
2490.29 0.0012858
2490.32 0.00128872
2490.36 0.00129159
2490.39 0.0012943
2490.43 0.00129674
2490.46 0.00129881
2490.5 0.00130041
2490.53 0.0013015
2490.57 0.00130203
2490.6 0.00130201
2490.64 0.00130145
2490.67 0.00130037
2490.71 0.00129882
2490.74 0.00129684
2490.78 0.00129447
2490.81 0.00129174
2490.85 0.00128869
2490.88 0.00128536
2490.91 0.00128177
2490.95 0.00127799
2490.99 0.00127407
2491.02 0.00127008
2491.06 0.00126612
2491.09 0.00126225
2491.12 0.00125858
2491.16 0.00125516
2491.2 0.00125204
2491.23 0.00124925
2491.27 0.00124677
2491.3 0.00124458
2491.34 0.0012426
2491.37 0.00124076
2491.41 0.00123898
2491.44 0.00123717
2491.48 0.00123527
2491.51 0.00123321
2491.55 0.00123099
2491.58 0.00122861
2491.62 0.00122612
2491.65 0.00122356
2491.69 0.00122101
2491.72 0.00121856
2491.76 0.00121629
2491.79 0.00121427
2491.83 0.00121257
2491.86 0.00121122
2491.89 0.00121025
2491.93 0.00120967
2491.97 0.00120949
2492 0.00120968
2492.04 0.00121022
2492.07 0.00121108
2492.11 0.00121223
2492.14 0.00121363
2492.18 0.00121524
2492.21 0.00121702
2492.25 0.00121891
2492.28 0.00122088
2492.32 0.00122284
2492.35 0.00122474
2492.39 0.00122649
2492.42 0.00122801
2492.46 0.00122921
2492.49 0.00123004
2492.53 0.00123043
2492.56 0.00123034
2492.6 0.00122976
2492.63 0.00122871
2492.66 0.00122721
2492.7 0.00122532
2492.74 0.00122311
2492.77 0.00122063
2492.81 0.00121798
2492.84 0.00121521
2492.88 0.0012124
2492.91 0.0012096
2492.95 0.00120685
2492.98 0.00120421
2493.02 0.00120169
2493.05 0.00119932
2493.09 0.00119713
2493.12 0.00119514
2493.16 0.00119336
2493.19 0.00119181
2493.23 0.0011905
2493.26 0.00118945
2493.3 0.00118866
2493.33 0.00118813
2493.37 0.00118785
2493.4 0.00118779
2493.44 0.00118791
2493.47 0.00118815
2493.51 0.00118845
2493.54 0.00118871
2493.58 0.00118888
2493.61 0.00118888
2493.64 0.00118865
2493.68 0.00118816
2493.72 0.00118741
2493.75 0.00118643
2493.79 0.00118525
2493.82 0.00118396
2493.86 0.00118263
2493.89 0.00118136
2493.93 0.00118022
2493.96 0.00117927
2494 0.00117855
2494.03 0.00117805
2494.07 0.00117776
2494.1 0.00117761
2494.14 0.00117755
2494.17 0.0011775
2494.21 0.00117736
2494.24 0.00117706
2494.28 0.00117656
2494.31 0.00117579
2494.35 0.00117476
2494.38 0.00117346
2494.41 0.00117193
2494.45 0.00117022
2494.49 0.00116837
2494.52 0.00116645
2494.56 0.0011645
2494.59 0.00116256
2494.62 0.00116065
2494.66 0.00115879
2494.7 0.00115695
2494.73 0.00115512
2494.77 0.00115329
2494.8 0.00115144
2494.84 0.00114958
2494.87 0.00114774
2494.91 0.00114594
2494.94 0.00114424
2494.98 0.0011427
2495.01 0.00114137
2495.05 0.0011403
2495.08 0.00113953
2495.12 0.00113905
2495.15 0.00113887
2495.19 0.00113895
2495.22 0.00113926
2495.26 0.00113973
2495.29 0.00114032
2495.33 0.00114097
2495.36 0.00114167
2495.39 0.00114236
2495.43 0.00114305
2495.47 0.0011437
2495.5 0.00114431
2495.54 0.00114486
2495.57 0.00114534
2495.61 0.00114572
2495.64 0.00114596
2495.68 0.00114604
2495.71 0.00114593
2495.75 0.0011456
2495.78 0.00114503
2495.82 0.00114422
2495.85 0.00114318
2495.89 0.00114192
2495.92 0.00114049
2495.96 0.00113894
2495.99 0.00113734
2496.03 0.00113577
2496.06 0.0011343
2496.1 0.001133
2496.13 0.00113193
2496.16 0.00113113
2496.2 0.00113062
2496.24 0.00113037
2496.27 0.00113034
2496.31 0.00113048
2496.34 0.00113068
2496.38 0.00113086
2496.41 0.00113094
2496.45 0.00113084
2496.48 0.00113052
2496.52 0.00112998
2496.55 0.00112923
2496.59 0.00112835
2496.62 0.00112742
2496.66 0.00112656
2496.69 0.00112586
2496.73 0.00112543
2496.76 0.00112534
2496.8 0.00112562
2496.83 0.00112626
2496.87 0.00112722
2496.9 0.00112842
2496.94 0.00112975
2496.97 0.00113108
2497.01 0.00113229
2497.04 0.00113325
2497.08 0.00113388
2497.11 0.00113408
2497.14 0.00113381
2497.18 0.00113305
2497.22 0.0011318
2497.25 0.00113009
2497.29 0.00112799
2497.32 0.00112557
2497.36 0.00112292
2497.39 0.00112017
2497.43 0.00111744
2497.46 0.00111483
2497.5 0.00111247
2497.53 0.00111047
2497.57 0.00110889
2497.6 0.00110779
2497.64 0.00110719
2497.67 0.00110708
2497.71 0.0011074
2497.74 0.00110808
2497.78 0.00110903
2497.81 0.00111013
2497.85 0.00111129
2497.88 0.00111239
2497.91 0.00111336
2497.95 0.00111414
2497.99 0.00111469
2498.02 0.00111498
2498.06 0.00111502
2498.09 0.00111483
2498.12 0.00111442
2498.16 0.00111384
2498.2 0.0011131
2498.23 0.00111224
2498.27 0.00111129
