2463.3 3.8331e-266
2463.34 1.62598e-263
2463.37 6.68926e-261
2463.41 2.66896e-258
2463.44 1.03278e-255
2463.48 3.87588e-253
2463.51 1.4107e-250
2463.55 4.97964e-248
2463.58 1.70475e-245
2463.62 5.66011e-243
2463.65 1.82259e-240
2463.69 5.69183e-238
2463.72 1.72391e-235
2463.76 5.06382e-233
2463.79 1.44259e-230
2463.83 3.9857e-228
2463.86 1.06799e-225
2463.89 2.77543e-223
2463.93 6.9951e-221
2463.97 1.70984e-218
2464 4.0534e-216
2464.04 9.31926e-214
2464.07 2.07799e-211
2464.11 4.49373e-209
2464.14 9.42473e-207
2464.18 1.91704e-204
2464.21 3.78175e-202
2464.25 7.23528e-200
2464.28 1.34251e-197
2464.32 2.4159e-195
2464.35 4.2164e-193
2464.39 7.13679e-191
2464.42 1.17156e-188
2464.46 1.8652e-186
2464.49 2.87997e-184
2464.53 4.3127e-182
2464.56 6.26341e-180
2464.6 8.8221e-178
2464.63 1.20513e-175
2464.66 1.59659e-173
2464.7 2.05142e-171
2464.74 2.55633e-169
2464.77 3.08942e-167
2464.81 3.62108e-165
2464.84 4.11622e-163
2464.88 4.53795e-161
2464.91 4.85199e-159
2464.95 5.03131e-157
2464.98 5.05989e-155
2465.02 4.93516e-153
2465.05 4.66833e-151
2465.09 4.28274e-149
2465.12 3.8105e-147
2465.16 3.28808e-145
2465.19 2.75171e-143
2465.23 2.23338e-141
2465.26 1.75801e-139
2465.3 1.34209e-137
2465.33 9.93668e-136
2465.37 7.13512e-134
2465.4 4.9689e-132
2465.44 3.35599e-130
2465.47 2.19826e-128
2465.51 1.39649e-126
2465.54 8.60395e-125
2465.58 5.14111e-123
2465.61 2.97931e-121
2465.64 1.67446e-119
2465.68 9.12713e-118
2465.72 4.82495e-116
2465.75 2.47373e-114
2465.79 1.23002e-112
2465.82 5.93157e-111
2465.86 2.77414e-109
2465.89 1.25831e-107
2465.93 5.53535e-106
2465.96 2.36159e-104
2466 9.77152e-103
2466.03 3.92121e-101
2466.07 1.52608e-99
2466.1 5.76019e-98
2466.14 2.1086e-96
2466.17 7.48606e-95
2466.21 2.57757e-93
2466.24 8.60735e-92
2466.28 2.78758e-90
2466.31 8.75559e-89
2466.35 2.66712e-87
2466.38 7.87955e-86
2466.41 2.25766e-84
2466.45 6.2736e-83
2466.49 1.69073e-81
2466.52 4.41909e-80
2466.56 1.12019e-78
2466.59 2.7539e-77
2466.62 6.56609e-76
2466.66 1.51833e-74
2466.7 3.40505e-73
2466.73 7.40596e-72
2466.77 1.56221e-70
2466.8 3.19593e-69
2466.84 6.34098e-68
2466.87 1.22015e-66
2466.91 2.27706e-65
2466.94 4.12129e-64
2466.98 7.23423e-63
2467.01 1.23155e-61
2467.05 2.03335e-60
2467.08 3.2559e-59
2467.12 5.05629e-58
2467.15 7.61541e-57
2467.19 1.11238e-55
2467.22 1.57586e-54
2467.26 2.16511e-53
2467.29 2.88498e-52
2467.33 3.72827e-51
2467.36 4.67275e-50
2467.39 5.67987e-49
2467.43 6.69585e-48
2467.47 7.65552e-47
2467.5 8.48876e-46
2467.54 9.12884e-45
2467.57 9.52114e-44
2467.61 9.63084e-43
2467.64 9.44803e-42
2467.68 8.9892e-41
2467.71 8.29475e-40
2467.75 7.42316e-39
2467.78 6.44284e-38
2467.82 5.42338e-37
2467.85 4.42758e-36
2467.89 3.50564e-35
2467.92 2.69199e-34
2467.96 2.00486e-33
2467.99 1.44812e-32
2468.03 1.01444e-31
2468.06 6.89225e-31
2468.1 4.54153e-30
2468.13 2.90237e-29
2468.16 1.79893e-28
2468.2 1.08141e-27
2468.24 6.30486e-27
2468.27 3.56514e-26
2468.31 1.95522e-25
2468.34 1.03999e-24
2468.38 5.36521e-24
2468.41 2.68451e-23
2468.45 1.30277e-22
2468.48 6.13196e-22
2468.52 2.79937e-21
2468.55 1.23953e-20
2468.59 5.3234e-20
2468.62 2.21751e-19
2468.66 8.95956e-19
2468.69 3.51124e-18
2468.73 1.33472e-17
2468.76 4.92137e-17
2468.8 1.76015e-16
2468.83 6.10653e-16
2468.87 2.05506e-15
2468.9 6.7089e-15
2468.94 2.12463e-14
2468.97 6.52732e-14
2469.01 1.94543e-13
2469.04 5.62526e-13
2469.08 1.57808e-12
2469.11 4.29527e-12
2469.14 1.13435e-11
2469.18 2.90682e-11
2469.22 7.22814e-11
2469.25 1.7442e-10
2469.29 4.08462e-10
2469.32 9.28373e-10
2469.36 2.04805e-09
2469.39 4.38568e-09
2469.43 9.11696e-09
2469.46 1.84e-08
2469.5 3.60564e-08
2469.53 6.86101e-08
2469.57 1.2679e-07
2469.6 2.27575e-07
2469.64 3.96792e-07
2469.67 6.72142e-07
2469.71 1.10633e-06
2469.74 1.76971e-06
2469.78 2.75166e-06
2469.81 4.15956e-06
2469.85 6.11448e-06
2469.88 8.74259e-06
2469.91 1.21624e-05
2469.95 1.64684e-05
2469.99 2.17128e-05
2470.02 2.78894e-05
2470.06 3.49218e-05
2470.09 4.26603e-05
2470.12 5.08913e-05
2470.16 5.93567e-05
2470.2 6.77844e-05
2470.23 7.59229e-05
2470.27 8.35747e-05
2470.3 9.06198e-05
2470.34 9.70277e-05
2470.37 0.000102853
2470.41 0.000108223
2470.44 0.000113323
2470.48 0.000118395
2470.51 0.00012376
2470.55 0.000129883
2470.58 0.000137465
2470.62 0.000147575
2470.65 0.000161789
2470.69 0.000182313
2470.72 0.000212039
2470.76 0.000254524
2470.79 0.000313832
2470.83 0.000394247
2470.86 0.000499861
2470.89 0.000634072
2470.93 0.00079906
2470.97 0.000995318
2471 0.00122131
2471.04 0.00147334
2471.07 0.00174563
2471.11 0.00203061
2471.14 0.00231945
2471.18 0.0026026
2471.21 0.00287044
2471.25 0.00311387
2471.28 0.00332481
2471.32 0.00349671
2471.35 0.00362483
2471.39 0.0037066
2471.42 0.00374184
2471.46 0.0037328
2471.49 0.00368412
2471.53 0.00360255
2471.56 0.00349638
2471.6 0.00337474
2471.63 0.00324662
2471.66 0.00312007
2471.7 0.00300139
2471.74 0.00289472
2471.77 0.0028019
2471.81 0.00272287
2471.84 0.00265618
2471.88 0.00259985
2471.91 0.00255207
2471.95 0.00251182
2471.98 0.00247907
2472.02 0.00245478
2472.05 0.0024405
2472.09 0.00243786
2472.12 0.00244797
2472.16 0.00247095
2472.19 0.00250556
2472.23 0.00254915
2472.26 0.00259776
2472.3 0.00264645
2472.33 0.00268979
2472.37 0.00272247
2472.4 0.00273995
2472.44 0.00273916
2472.47 0.00271904
2472.51 0.00268103
2472.54 0.00262912
2472.58 0.00256972
2472.61 0.00251094
2472.64 0.00246168
2472.68 0.00243033
2472.72 0.00242362
2472.75 0.0024455
2472.79 0.00249662
2472.82 0.00257427
2472.86 0.002673
2472.89 0.00278561
2472.93 0.00290439
2472.96 0.00302225
2473 0.00313349
2473.03 0.00323408
2473.07 0.00332133
2473.1 0.00339328
2473.14 0.0034479
2473.17 0.00348253
2473.21 0.00349363
2473.24 0.00347707
2473.28 0.0034288
2473.31 0.00334574
2473.35 0.00322664
2473.38 0.00307264
2473.41 0.00288746
2473.45 0.00267707
2473.49 0.0024491
2473.52 0.00221194
2473.56 0.00197395
2473.59 0.00174272
2473.62 0.00152459
2473.66 0.00132441
2473.7 0.00114551
2473.73 0.000989795
2473.77 0.000857951
2473.8 0.000749621
2473.84 0.000663621
2473.87 0.000598123
2473.91 0.000550838
2473.94 0.000519183
2473.98 0.000500445
2474.01 0.000491931
2474.05 0.000491104
2474.08 0.000495687
2474.12 0.000503741
2474.15 0.000513713
2474.19 0.000524466
2474.22 0.00053528
2474.26 0.000545838
2474.29 0.000556197
2474.33 0.000566735
2474.36 0.000578083
2474.39 0.000591038
2474.43 0.000606474
2474.47 0.00062524
2474.5 0.000648079
2474.54 0.000675544
2474.57 0.00070795
2474.61 0.00074533
2474.64 0.000787425
2474.68 0.000833672
2474.71 0.000883226
2474.75 0.000934977
2474.78 0.000987596
2474.82 0.00103959
2474.85 0.00108936
2474.89 0.0011353
2474.92 0.0011759
2474.96 0.00120982
2474.99 0.00123602
2475.03 0.00125384
2475.06 0.00126307
2475.1 0.001264
2475.13 0.00125738
2475.16 0.00124438
2475.2 0.00122645
2475.24 0.00120516
2475.27 0.00118198
2475.31 0.00115817
2475.34 0.00113456
2475.38 0.00111154
2475.41 0.00108906
2475.45 0.00106675
2475.48 0.00104407
2475.52 0.00102049
2475.55 0.000995702
2475.59 0.000969682
2475.62 0.000942781
2475.66 0.000915668
2475.69 0.000889237
2475.73 0.000864465
2475.76 0.000842263
2475.8 0.000823355
2475.83 0.000808185
2475.87 0.000796897
2475.9 0.00078934
2475.94 0.000785135
2475.97 0.000783748
2476.01 0.000784575
2476.04 0.00078702
2476.08 0.000790547
2476.11 0.000794723
2476.14 0.000799223
2476.18 0.000803839
2476.22 0.00080846
2476.25 0.000813058
2476.29 0.000817671
2476.32 0.000822378
2476.36 0.000827282
2476.39 0.000832492
2476.43 0.000838097
2476.46 0.000844153
2476.5 0.000850667
2476.53 0.000857583
2476.57 0.000864782
2476.6 0.000872093
2476.64 0.0008793
2476.67 0.000886173
2476.71 0.000892488
2476.74 0.000898053
2476.78 0.000902733
2476.81 0.000906464
2476.85 0.000909259
2476.88 0.000911215
2476.91 0.0009125
2476.95 0.000913346
2476.99 0.000914029
2477.02 0.000914853
2477.06 0.000916126
2477.09 0.000918136
2477.12 0.000921136
2477.16 0.000925315
2477.2 0.000930785
2477.23 0.000937572
2477.27 0.000945606
2477.3 0.000954733
2477.34 0.000964717
2477.37 0.00097527
2477.41 0.000986068
2477.44 0.000996787
2477.48 0.00100712
2477.51 0.00101683
2477.55 0.00102571
2477.58 0.00103367
2477.62 0.00104069
2477.65 0.00104684
2477.69 0.00105227
2477.72 0.00105715
2477.76 0.00106174
2477.79 0.00106627
2477.83 0.00107099
2477.86 0.00107611
2477.89 0.00108178
2477.93 0.00108812
2477.97 0.00109517
2478 0.00110288
2478.04 0.00111119
2478.07 0.00111994
2478.11 0.00112894
2478.14 0.00113798
2478.18 0.00114682
2478.21 0.00115524
2478.25 0.00116301
2478.28 0.00116996
2478.32 0.00117595
2478.35 0.0011809
2478.39 0.00118479
2478.42 0.00118764
2478.46 0.00118954
2478.49 0.00119061
2478.53 0.001191
2478.56 0.00119088
2478.6 0.00119039
2478.63 0.00118972
2478.66 0.00118899
2478.7 0.00118836
2478.74 0.00118794
2478.77 0.00118785
2478.81 0.00118821
2478.84 0.00118908
2478.88 0.00119054
2478.91 0.00119262
2478.95 0.0011953
2478.98 0.00119856
2479.02 0.00120232
2479.05 0.00120646
2479.09 0.00121083
2479.12 0.0012153
2479.16 0.00121967
2479.19 0.00122381
2479.23 0.00122755
2479.26 0.0012308
2479.3 0.00123345
2479.33 0.00123549
2479.37 0.00123692
2479.4 0.00123778
2479.44 0.00123817
2479.47 0.00123818
2479.51 0.00123792
2479.54 0.0012375
2479.58 0.00123699
2479.61 0.00123641
2479.64 0.00123578
2479.68 0.00123504
2479.72 0.00123411
2479.75 0.00123286
2479.79 0.00123117
2479.82 0.00122887
2479.86 0.00122584
2479.89 0.00122193
2479.93 0.00121705
2479.96 0.00121114
2480 0.00120417
2480.03 0.00119618
2480.07 0.00118724
2480.1 0.00117747
2480.14 0.00116705
2480.17 0.00115617
2480.21 0.00114503
2480.24 0.00113385
2480.28 0.00112285
2480.31 0.00111222
2480.35 0.00110215
2480.38 0.00109279
2480.41 0.00108427
2480.45 0.00107669
2480.49 0.0010701
2480.52 0.00106454
2480.56 0.00105999
2480.59 0.00105639
2480.62 0.00105365
2480.66 0.00105165
2480.7 0.00105024
2480.73 0.00104924
2480.77 0.00104852
2480.8 0.00104791
2480.84 0.00104731
2480.87 0.00104665
2480.91 0.0010459
2480.94 0.00104508
2480.98 0.00104426
2481.01 0.00104354
2481.05 0.00104301
2481.08 0.0010428
2481.12 0.00104299
2481.15 0.00104365
2481.19 0.00104478
2481.22 0.00104637
2481.26 0.00104835
2481.29 0.00105061
2481.33 0.00105302
2481.36 0.00105543
2481.39 0.0010577
2481.43 0.00105968
2481.47 0.00106127
2481.5 0.00106238
2481.54 0.00106295
2481.57 0.00106297
2481.61 0.00106246
2481.64 0.00106147
2481.68 0.00106005
2481.71 0.00105829
2481.75 0.00105628
2481.78 0.00105413
2481.82 0.00105192
2481.85 0.00104976
2481.89 0.00104772
2481.92 0.00104588
2481.96 0.00104429
2481.99 0.00104299
2482.03 0.001042
2482.06 0.0010413
2482.1 0.00104085
2482.13 0.00104059
2482.16 0.00104044
2482.2 0.00104031
2482.24 0.0010401
2482.27 0.00103975
2482.31 0.00103919
2482.34 0.00103838
2482.38 0.00103733
2482.41 0.00103608
2482.45 0.00103467
2482.48 0.00103321
2482.52 0.00103179
2482.55 0.00103051
2482.59 0.00102946
2482.62 0.00102871
2482.66 0.00102828
2482.69 0.00102818
2482.73 0.00102837
2482.76 0.00102877
2482.8 0.00102926
2482.83 0.00102972
2482.87 0.00103001
2482.9 0.00102997
2482.94 0.0010295
2482.97 0.00102848
2483.01 0.00102686
2483.04 0.00102462
2483.08 0.00102181
2483.11 0.00101852
2483.14 0.00101487
2483.18 0.00101106
2483.22 0.0010073
2483.25 0.0010038
2483.29 0.00100078
2483.32 0.000998451
2483.36 0.000996975
2483.39 0.000996477
2483.43 0.000997027
2483.46 0.000998643
2483.5 0.00100129
2483.53 0.00100488
2483.57 0.00100929
2483.6 0.00101436
2483.64 0.00101994
2483.67 0.00102583
2483.71 0.00103187
2483.74 0.0010379
2483.78 0.00104378
2483.81 0.00104938
2483.85 0.00105461
2483.88 0.00105938
2483.91 0.00106364
2483.95 0.00106735
2483.99 0.00107048
2484.02 0.00107301
2484.06 0.00107495
2484.09 0.00107633
2484.12 0.00107717
2484.16 0.00107754
2484.2 0.00107752
2484.23 0.00107721
2484.27 0.00107674
2484.3 0.00107625
2484.34 0.00107589
2484.37 0.0010758
2484.41 0.00107612
2484.44 0.00107694
2484.48 0.00107834
2484.51 0.00108034
2484.55 0.00108291
2484.58 0.00108599
2484.62 0.00108945
2484.65 0.00109316
2484.69 0.00109695
2484.72 0.00110067
2484.76 0.00110417
2484.79 0.00110733
2484.83 0.00111005
2484.86 0.00111229
2484.89 0.00111404
2484.93 0.00111533
2484.97 0.00111624
2485 0.00111687
2485.04 0.00111732
2485.07 0.00111772
2485.11 0.00111818
2485.14 0.00111877
2485.18 0.00111957
2485.21 0.00112059
2485.25 0.00112184
2485.28 0.00112328
2485.32 0.00112488
2485.35 0.00112658
2485.39 0.0011283
2485.42 0.00113
2485.46 0.00113163
2485.49 0.00113315
2485.53 0.00113452
2485.56 0.00113574
2485.6 0.0011368
2485.63 0.0011377
2485.66 0.00113848
2485.7 0.00113915
2485.74 0.00113977
2485.77 0.00114039
2485.81 0.00114108
2485.84 0.0011419
2485.88 0.00114294
2485.91 0.00114426
2485.95 0.0011459
2485.98 0.0011479
2486.02 0.00115027
2486.05 0.00115298
2486.09 0.00115596
2486.12 0.00115914
2486.16 0.0011624
2486.19 0.00116563
2486.23 0.00116871
2486.26 0.00117155
2486.3 0.00117408
2486.33 0.00117625
2486.37 0.0011781
2486.4 0.00117966
2486.44 0.00118102
2486.47 0.00118228
2486.51 0.00118354
2486.54 0.0011849
2486.58 0.00118643
2486.61 0.00118816
2486.64 0.00119006
2486.68 0.0011921
2486.72 0.00119418
2486.75 0.00119619
2486.79 0.001198
2486.82 0.00119949
2486.86 0.00120057
2486.89 0.00120116
2486.93 0.00120123
2486.96 0.00120078
2487 0.00119987
2487.03 0.00119859
2487.07 0.00119707
2487.1 0.00119544
2487.14 0.00119384
2487.17 0.00119241
2487.21 0.00119128
2487.24 0.00119053
2487.28 0.00119023
2487.31 0.00119041
2487.35 0.00119106
2487.38 0.00119217
2487.41 0.00119367
2487.45 0.0011955
2487.49 0.00119758
2487.52 0.00119984
2487.56 0.00120219
2487.59 0.00120456
2487.62 0.00120689
2487.66 0.00120913
2487.7 0.00121122
2487.73 0.00121316
2487.77 0.00121492
2487.8 0.0012165
2487.84 0.00121793
2487.87 0.00121923
2487.91 0.00122045
2487.94 0.00122162
2487.98 0.0012228
2488.01 0.00122403
2488.05 0.00122533
2488.08 0.00122672
2488.12 0.00122821
2488.15 0.00122977
2488.19 0.00123137
2488.22 0.00123298
2488.26 0.00123455
2488.29 0.00123604
2488.33 0.00123742
2488.36 0.00123865
2488.39 0.00123971
2488.43 0.00124058
2488.47 0.00124128
2488.5 0.00124179
2488.54 0.00124215
2488.57 0.00124239
2488.61 0.00124255
2488.64 0.00124267
2488.68 0.00124284
2488.71 0.00124309
2488.75 0.00124349
2488.78 0.00124408
2488.82 0.00124488
2488.85 0.00124592
2488.89 0.00124717
2488.92 0.00124862
2488.96 0.00125022
2488.99 0.00125189
2489.03 0.00125358
2489.06 0.00125519
2489.1 0.00125665
2489.13 0.00125787
2489.16 0.00125878
2489.2 0.00125934
2489.24 0.00125949
2489.27 0.00125921
2489.31 0.0012585
2489.34 0.00125736
2489.38 0.00125581
2489.41 0.0012539
2489.45 0.00125167
2489.48 0.00124918
2489.52 0.00124648
2489.55 0.00124366
2489.59 0.00124078
2489.62 0.00123791
2489.66 0.0012351
2489.69 0.0012324
2489.73 0.00122982
2489.76 0.00122739
2489.8 0.00122507
2489.83 0.00122285
2489.87 0.00122068
2489.9 0.00121852
2489.94 0.00121636
2489.97 0.00121418
2490.01 0.00121197
2490.04 0.00120978
2490.08 0.00120763
2490.11 0.00120559
2490.14 0.0012037
2490.18 0.00120201
2490.22 0.00120054
2490.25 0.00119928
2490.29 0.00119822
2490.32 0.00119732
2490.36 0.00119653
2490.39 0.0011958
2490.43 0.00119509
2490.46 0.00119438
2490.5 0.00119365
2490.53 0.00119292
2490.57 0.00119223
2490.6 0.00119162
2490.64 0.00119115
2490.67 0.00119086
2490.71 0.0011908
2490.74 0.001191
2490.78 0.00119148
2490.81 0.00119224
2490.85 0.00119327
2490.88 0.00119454
2490.91 0.00119602
2490.95 0.00119766
2490.99 0.00119939
2491.02 0.00120117
2491.06 0.00120292
2491.09 0.00120459
2491.12 0.00120614
2491.16 0.00120752
2491.2 0.0012087
2491.23 0.00120968
2491.27 0.00121046
2491.3 0.00121104
2491.34 0.00121145
2491.37 0.00121171
2491.41 0.00121184
2491.44 0.00121189
2491.48 0.00121187
2491.51 0.00121181
2491.55 0.00121175
2491.58 0.0012117
2491.62 0.00121168
2491.65 0.00121171
2491.69 0.00121179
2491.72 0.00121193
2491.76 0.00121212
2491.79 0.00121234
2491.83 0.00121259
2491.86 0.00121284
2491.89 0.00121309
2491.93 0.00121332
2491.97 0.00121353
2492 0.00121369
2492.04 0.00121379
2492.07 0.00121382
2492.11 0.00121376
2492.14 0.00121359
2492.18 0.00121329
2492.21 0.00121283
2492.25 0.00121219
2492.28 0.00121135
2492.32 0.00121031
2492.35 0.00120908
2492.39 0.0012077
2492.42 0.00120621
2492.46 0.0012047
2492.49 0.00120325
2492.53 0.00120196
2492.56 0.00120092
2492.6 0.00120021
2492.63 0.00119991
2492.66 0.00120004
2492.7 0.00120061
2492.74 0.00120158
2492.77 0.00120287
2492.81 0.0012044
2492.84 0.00120604
2492.88 0.00120768
2492.91 0.00120921
2492.95 0.00121055
2492.98 0.00121162
2493.02 0.00121241
2493.05 0.00121292
2493.09 0.00121316
2493.12 0.0012132
2493.16 0.00121308
2493.19 0.00121286
2493.23 0.00121258
2493.26 0.00121228
2493.3 0.00121197
2493.33 0.00121164
2493.37 0.00121128
2493.4 0.00121085
2493.44 0.00121033
2493.47 0.00120968
2493.51 0.00120889
2493.54 0.00120793
2493.58 0.00120679
2493.61 0.00120547
2493.64 0.00120398
2493.68 0.00120236
2493.72 0.00120062
2493.75 0.00119881
2493.79 0.00119697
2493.82 0.00119516
2493.86 0.00119341
2493.89 0.00119176
2493.93 0.00119024
2493.96 0.00118886
2494 0.00118763
2494.03 0.00118653
2494.07 0.00118554
2494.1 0.00118463
2494.14 0.00118376
2494.17 0.0011829
2494.21 0.00118202
2494.24 0.00118111
2494.28 0.00118014
2494.31 0.00117911
2494.35 0.00117801
2494.38 0.00117687
2494.41 0.00117568
2494.45 0.00117446
2494.49 0.00117324
2494.52 0.00117205
2494.56 0.00117089
2494.59 0.00116979
2494.62 0.00116877
2494.66 0.00116784
2494.7 0.00116702
2494.73 0.00116629
2494.77 0.00116568
2494.8 0.00116517
2494.84 0.00116477
2494.87 0.00116448
2494.91 0.00116429
2494.94 0.00116422
2494.98 0.00116423
2495.01 0.00116433
2495.05 0.00116448
2495.08 0.00116465
2495.12 0.00116478
2495.15 0.00116483
2495.19 0.00116474
2495.22 0.00116446
2495.26 0.00116396
2495.29 0.00116324
2495.33 0.00116229
2495.36 0.00116116
2495.39 0.00115991
2495.43 0.00115861
2495.47 0.00115734
2495.5 0.00115618
2495.54 0.00115519
2495.57 0.00115444
2495.61 0.00115396
2495.64 0.00115376
2495.68 0.00115385
2495.71 0.0011542
2495.75 0.00115481
2495.78 0.00115564
2495.82 0.00115668
2495.85 0.0011579
2495.89 0.00115928
2495.92 0.00116079
2495.96 0.0011624
2495.99 0.00116406
2496.03 0.00116574
2496.06 0.00116738
2496.1 0.00116893
2496.13 0.00117032
2496.16 0.00117151
2496.2 0.00117243
2496.24 0.00117303
2496.27 0.00117328
2496.31 0.00117316
2496.34 0.00117263
2496.38 0.00117171
2496.41 0.00117039
2496.45 0.00116871
2496.48 0.00116671
2496.52 0.00116443
2496.55 0.00116193
2496.59 0.00115928
2496.62 0.00115655
2496.66 0.00115381
2496.69 0.00115112
2496.73 0.00114853
2496.76 0.00114608
2496.8 0.00114378
2496.83 0.00114165
2496.87 0.00113968
2496.9 0.00113786
2496.94 0.00113615
2496.97 0.00113455
2497.01 0.00113303
2497.04 0.00113159
2497.08 0.0011302
2497.11 0.00112887
2497.14 0.00112761
2497.18 0.00112641
2497.22 0.00112528
2497.25 0.00112424
2497.29 0.00112331
2497.32 0.00112251
2497.36 0.00112188
2497.39 0.00112146
2497.43 0.00112127
2497.46 0.00112137
2497.5 0.00112177
2497.53 0.00112249
2497.57 0.00112354
2497.6 0.00112489
2497.64 0.0011265
2497.67 0.00112833
2497.71 0.00113031
2497.74 0.00113236
2497.78 0.0011344
2497.81 0.00113635
2497.85 0.00113812
2497.88 0.00113961
2497.91 0.00114077
2497.95 0.00114152
2497.99 0.00114181
2498.02 0.00114164
2498.06 0.001141
2498.09 0.00113993
2498.12 0.00113846
2498.16 0.00113668
2498.2 0.00113467
2498.23 0.00113251
2498.27 0.00113028
