2463.3 1.50165e-241
2463.34 4.73327e-239
2463.37 1.44696e-236
2463.41 4.28992e-234
2463.44 1.23352e-231
2463.48 3.43986e-229
2463.51 9.30329e-227
2463.55 2.44025e-224
2463.58 6.20771e-222
2463.62 1.53154e-219
2463.65 3.66461e-217
2463.69 8.50409e-215
2463.72 1.91394e-212
2463.76 4.17762e-210
2463.79 8.84364e-208
2463.83 1.81566e-205
2463.86 3.61524e-203
2463.89 6.98139e-201
2463.93 1.30752e-198
2463.97 2.37495e-196
2464 4.1837e-194
2464.04 7.14775e-192
2464.07 1.18435e-189
2464.11 1.90322e-187
2464.14 2.9662e-185
2464.18 4.48345e-183
2464.21 6.57244e-181
2464.25 9.34419e-179
2464.28 1.28842e-176
2464.32 1.72296e-174
2464.35 2.23457e-172
2464.39 2.8107e-170
2464.42 3.42875e-168
2464.46 4.05657e-166
2464.49 4.65462e-164
2464.53 5.17977e-162
2464.56 5.59035e-160
2464.6 5.85152e-158
2464.63 5.94018e-156
2464.66 5.84835e-154
2464.7 5.58429e-152
2464.74 5.17137e-150
2464.77 4.64456e-148
2464.81 4.04563e-146
2464.84 3.41766e-144
2464.88 2.80011e-142
2464.91 2.22496e-140
2464.95 1.71464e-138
2464.98 1.28152e-136
2465.02 9.28926e-135
2465.05 6.53039e-133
2465.09 4.45245e-131
2465.12 2.94417e-129
2465.16 1.88812e-127
2465.19 1.17435e-125
2465.23 7.08388e-124
2465.26 4.14426e-122
2465.3 2.3514e-120
2465.33 1.29392e-118
2465.37 6.90548e-117
2465.4 3.57424e-115
2465.44 1.79423e-113
2465.47 8.73523e-112
2465.51 4.12454e-110
2465.54 1.88878e-108
2465.58 8.38863e-107
2465.61 3.61331e-105
2465.64 1.50947e-103
2465.68 6.11573e-102
2465.72 2.40313e-100
2465.75 9.15822e-99
2465.79 3.38493e-97
2465.82 1.21337e-95
2465.86 4.21837e-94
2465.89 1.42233e-92
2465.93 4.65118e-91
2465.96 1.47513e-89
2466 4.53739e-88
2466.03 1.35359e-86
2466.07 3.9163e-85
2466.1 1.09893e-83
2466.14 2.99071e-82
2466.17 7.89378e-81
2466.21 2.02071e-79
2466.24 5.01684e-78
2466.28 1.20799e-76
2466.31 2.82104e-75
2466.35 6.38942e-74
2466.38 1.40353e-72
2466.41 2.99016e-71
2466.45 6.1784e-70
2466.49 1.23813e-68
2466.52 2.40641e-67
2466.56 4.53611e-66
2466.59 8.29293e-65
2466.62 1.47043e-63
2466.66 2.52867e-62
2466.7 4.21748e-61
2466.73 6.82225e-60
2466.77 1.07032e-58
2466.8 1.62861e-57
2466.84 2.40343e-56
2466.87 3.44003e-55
2466.91 4.77537e-54
2466.94 6.42937e-53
2466.98 8.3955e-52
2467.01 1.06326e-50
2467.05 1.30603e-49
2467.08 1.55591e-48
2467.12 1.79777e-47
2467.15 2.01466e-46
2467.19 2.18974e-45
2467.22 2.30835e-44
2467.26 2.36012e-43
2467.29 2.34039e-42
2467.33 2.25094e-41
2467.36 2.09974e-40
2467.39 1.89973e-39
2467.43 1.66703e-38
2467.47 1.41881e-37
2467.5 1.1712e-36
2467.54 9.37707e-36
2467.57 7.28172e-35
2467.61 5.48443e-34
2467.64 4.00648e-33
2467.68 2.83875e-32
2467.71 1.95087e-31
2467.75 1.30036e-30
2467.78 8.40699e-30
2467.82 5.27178e-29
2467.85 3.20639e-28
2467.89 1.89155e-27
2467.92 1.08235e-26
2467.96 6.00712e-26
2467.99 3.23382e-25
2468.03 1.68857e-24
2468.06 8.5522e-24
2468.1 4.20143e-23
2468.13 2.00207e-22
2468.16 9.254e-22
2468.2 4.14906e-21
2468.24 1.80445e-20
2468.27 7.6124e-20
2468.31 3.11518e-19
2468.34 1.23662e-18
2468.38 4.76195e-18
2468.41 1.77885e-17
2468.45 6.44622e-17
2468.48 2.26617e-16
2468.52 7.72876e-16
2468.55 2.55722e-15
2468.59 8.20878e-15
2468.62 2.55655e-14
2468.66 7.72523e-14
2468.69 2.26498e-13
2468.73 6.44363e-13
2468.76 1.77882e-12
2468.8 4.7653e-12
2468.83 1.23889e-11
2468.87 3.12596e-11
2468.9 7.65556e-11
2468.94 1.81991e-10
2468.97 4.19991e-10
2469.01 9.41008e-10
2469.04 2.0472e-09
2469.08 4.32511e-09
2469.11 8.87497e-09
2469.14 1.76905e-08
2469.18 3.42608e-08
2469.22 6.448e-08
2469.25 1.17956e-07
2469.29 2.09794e-07
2469.32 3.6288e-07
2469.36 6.10605e-07
2469.39 9.99832e-07
2469.43 1.59374e-06
2469.46 2.474e-06
2469.5 3.7415e-06
2469.53 5.51495e-06
2469.57 7.9264e-06
2469.6 1.11133e-05
2469.64 1.52066e-05
2469.67 2.03158e-05
2469.71 2.65109e-05
2469.74 3.3804e-05
2469.78 4.21328e-05
2469.81 5.13472e-05
2469.85 6.12053e-05
2469.88 7.13795e-05
2469.91 8.14775e-05
2469.95 9.10796e-05
2469.99 9.97938e-05
2470.02 0.000107327
2470.06 0.000113568
2470.09 0.000118676
2470.12 0.000123165
2470.16 0.000127968
2470.2 0.000134473
2470.23 0.00014452
2470.27 0.000160339
2470.3 0.000184438
2470.34 0.000219436
2470.37 0.000267847
2470.41 0.000331845
2470.44 0.000413015
2470.48 0.000512136
2470.51 0.000629
2470.55 0.000762312
2470.58 0.000909661
2470.62 0.00106759
2470.65 0.00123171
2470.69 0.00139694
2470.72 0.00155772
2470.76 0.00170827
2470.79 0.00184292
2470.83 0.0019564
2470.86 0.00204413
2470.89 0.00210261
2470.93 0.00212973
2470.97 0.00212504
2471 0.00208998
2471.04 0.0020279
2471.07 0.00194396
2471.11 0.00184479
2471.14 0.00173794
2471.18 0.00163129
2471.21 0.00153234
2471.25 0.00144769
2471.28 0.00138257
2471.32 0.00134065
2471.35 0.00132403
2471.39 0.00133334
2471.42 0.00136797
2471.46 0.0014263
2471.49 0.00150581
2471.53 0.00160321
2471.56 0.00171448
2471.6 0.00183485
2471.63 0.00195894
2471.66 0.00208097
2471.7 0.0021951
2471.74 0.00229595
2471.77 0.00237923
2471.81 0.0024423
2471.84 0.00248474
2471.88 0.00250853
2471.91 0.00251805
2471.95 0.00251968
2471.98 0.00252108
2472.02 0.00253022
2472.05 0.00255444
2472.09 0.00259948
2472.12 0.00266877
2472.16 0.00276313
2472.19 0.00288071
2472.23 0.00301728
2472.26 0.00316678
2472.3 0.00332194
2472.33 0.00347485
2472.37 0.00361755
2472.4 0.00374239
2472.44 0.00384242
2472.47 0.00391157
2472.51 0.00394495
2472.54 0.00393901
2472.58 0.00389173
2472.61 0.00380283
2472.64 0.00367378
2472.68 0.00350776
2472.72 0.00330951
2472.75 0.00308508
2472.79 0.00284148
2472.82 0.00258635
2472.86 0.00232758
2472.89 0.00207305
2472.93 0.00183031
2472.96 0.00160639
2473 0.0014076
2473.03 0.00123941
2473.07 0.00110636
2473.1 0.00101201
2473.14 0.000958948
2473.17 0.000948773
2473.21 0.000982039
2473.24 0.00105815
2473.28 0.00117518
2473.31 0.00132964
2473.35 0.00151631
2473.38 0.00172814
2473.41 0.00195634
2473.45 0.00219078
2473.49 0.00242053
2473.52 0.00263464
2473.56 0.00282301
2473.59 0.00297713
2473.62 0.00309069
2473.66 0.00315986
2473.7 0.00318332
2473.73 0.00316205
2473.77 0.00309889
2473.8 0.00299811
2473.84 0.00286494
2473.87 0.00270526
2473.91 0.00252532
2473.94 0.00233153
2473.98 0.00213032
2474.01 0.00192797
2474.05 0.00173038
2474.08 0.00154285
2474.12 0.00136994
2474.15 0.00121529
2474.19 0.00108161
2474.22 0.000970775
2474.26 0.000883946
2474.29 0.000821793
2474.33 0.000784629
2474.36 0.000772464
2474.39 0.00078492
2474.43 0.000821023
2474.47 0.000878901
2474.5 0.00095549
2474.54 0.00104634
2474.57 0.00114563
2474.61 0.00124642
2474.64 0.00134121
2474.68 0.00142265
2474.71 0.00148439
2474.75 0.00152182
2474.78 0.00153266
2474.82 0.00151713
2474.85 0.00147785
2474.89 0.00141937
2474.92 0.00134742
2474.96 0.0012681
2474.99 0.00118716
2475.03 0.00110939
2475.06 0.00103825
2475.1 0.000975825
2475.13 0.000922892
2475.16 0.000879217
2475.2 0.000843876
2475.24 0.000815572
2475.27 0.000792904
2475.31 0.000774554
2475.34 0.000759388
2475.38 0.000746498
2475.41 0.000735199
2475.45 0.000725001
2475.48 0.000715573
2475.52 0.000706717
2475.55 0.000698336
2475.59 0.000690421
2475.62 0.000683026
2475.66 0.000676251
2475.69 0.000670225
2475.73 0.000665078
2475.76 0.000660929
2475.8 0.000657869
2475.83 0.000655951
2475.87 0.000655189
2475.9 0.000655564
2475.94 0.000657028
2475.97 0.000659521
2476.01 0.000662976
2476.04 0.000667324
2476.08 0.000672503
2476.11 0.000678448
2476.14 0.000685094
2476.18 0.00069237
2476.22 0.000700192
2476.25 0.000708473
2476.29 0.000717121
2476.32 0.000726054
2476.36 0.000735206
2476.39 0.000744542
2476.43 0.000754057
2476.46 0.000763775
2476.5 0.000773743
2476.53 0.000784013
2476.57 0.000794628
2476.6 0.000805603
2476.64 0.000816913
2476.67 0.000828493
2476.71 0.00084024
2476.74 0.000852025
2476.78 0.000863708
2476.81 0.000875156
2476.85 0.00088626
2476.88 0.000896943
2476.91 0.000907167
2476.95 0.000916932
2476.99 0.000926269
2477.02 0.000935235
2477.06 0.0009439
2477.09 0.000952337
2477.12 0.00096061
2477.16 0.000968769
2477.2 0.000976834
2477.23 0.000984797
2477.27 0.000992614
2477.3 0.00100021
2477.34 0.00100748
2477.37 0.0010143
2477.41 0.00102055
2477.44 0.0010261
2477.48 0.00103087
2477.51 0.00103481
2477.55 0.00103789
2477.58 0.00104015
2477.62 0.0010417
2477.65 0.00104265
2477.69 0.00104317
2477.72 0.00104347
2477.76 0.00104374
2477.79 0.00104419
2477.83 0.00104499
2477.86 0.00104632
2477.89 0.00104825
2477.93 0.00105085
2477.97 0.0010541
2478 0.00105792
2478.04 0.00106218
2478.07 0.00106668
2478.11 0.00107123
2478.14 0.0010756
2478.18 0.00107958
2478.21 0.001083
2478.25 0.00108575
2478.28 0.00108777
2478.32 0.0010891
2478.35 0.00108982
2478.39 0.0010901
2478.42 0.00109014
2478.46 0.00109017
2478.49 0.00109042
2478.53 0.00109111
2478.56 0.00109238
2478.6 0.00109434
2478.63 0.001097
2478.66 0.00110033
2478.7 0.00110419
2478.74 0.00110841
2478.77 0.00111279
2478.81 0.0011171
2478.84 0.00112113
2478.88 0.00112469
2478.91 0.00112764
2478.95 0.00112989
2478.98 0.00113138
2479.02 0.00113211
2479.05 0.00113212
2479.09 0.00113148
2479.12 0.00113027
2479.16 0.0011286
2479.19 0.00112658
2479.23 0.00112432
2479.26 0.00112194
2479.3 0.00111954
2479.33 0.00111723
2479.37 0.00111512
2479.4 0.00111331
2479.44 0.00111189
2479.47 0.00111092
2479.51 0.00111049
2479.54 0.00111062
2479.58 0.00111134
2479.61 0.00111265
2479.64 0.00111453
2479.68 0.00111692
2479.72 0.00111975
2479.75 0.00112293
2479.79 0.00112637
2479.82 0.00112994
2479.86 0.00113355
2479.89 0.00113706
2479.93 0.00114039
2479.96 0.00114341
2480 0.00114605
2480.03 0.00114822
2480.07 0.00114984
2480.1 0.00115085
2480.14 0.00115118
2480.17 0.0011508
2480.21 0.00114965
2480.24 0.0011477
2480.28 0.00114492
2480.31 0.0011413
2480.35 0.00113687
2480.38 0.00113166
2480.41 0.00112575
2480.45 0.00111928
2480.49 0.00111241
2480.52 0.00110534
2480.56 0.00109832
2480.59 0.00109159
2480.62 0.0010854
2480.66 0.00108001
2480.7 0.00107559
2480.73 0.0010723
2480.77 0.00107024
2480.8 0.00106944
2480.84 0.00106987
2480.87 0.00107146
2480.91 0.00107409
2480.94 0.00107762
2480.98 0.0010819
2481.01 0.00108675
2481.05 0.00109199
2481.08 0.00109745
2481.12 0.00110294
2481.15 0.00110829
2481.19 0.00111331
2481.22 0.00111782
2481.26 0.00112165
2481.29 0.00112468
2481.33 0.00112679
2481.36 0.00112796
2481.39 0.00112819
2481.43 0.00112757
2481.47 0.00112624
2481.5 0.00112437
2481.54 0.00112215
2481.57 0.00111978
2481.61 0.0011174
2481.64 0.00111511
2481.68 0.00111295
2481.71 0.00111092
2481.75 0.00110893
2481.78 0.00110689
2481.82 0.0011047
2481.85 0.00110227
2481.89 0.00109955
2481.92 0.00109655
2481.96 0.00109332
2481.99 0.00108996
2482.03 0.00108661
2482.06 0.00108339
2482.1 0.00108046
2482.13 0.00107792
2482.16 0.00107583
2482.2 0.0010742
2482.24 0.00107301
2482.27 0.00107217
2482.31 0.00107159
2482.34 0.00107115
2482.38 0.00107072
2482.41 0.0010702
2482.45 0.00106951
2482.48 0.00106858
2482.52 0.00106739
2482.55 0.00106593
2482.59 0.00106424
2482.62 0.00106236
2482.66 0.00106036
2482.69 0.00105832
2482.73 0.00105632
2482.76 0.00105444
2482.8 0.00105276
2482.83 0.00105136
2482.87 0.00105028
2482.9 0.00104957
2482.94 0.00104924
2482.97 0.00104931
2483.01 0.00104975
2483.04 0.00105055
2483.08 0.00105169
2483.11 0.00105313
2483.14 0.00105482
2483.18 0.00105671
2483.22 0.00105873
2483.25 0.00106081
2483.29 0.00106288
2483.32 0.00106483
2483.36 0.0010666
2483.39 0.00106809
2483.43 0.00106925
2483.46 0.00107002
2483.5 0.0010704
2483.53 0.00107038
2483.57 0.00107
2483.6 0.00106931
2483.64 0.0010684
2483.67 0.00106735
2483.71 0.00106625
2483.74 0.00106518
2483.78 0.00106422
2483.81 0.00106342
2483.85 0.00106281
2483.88 0.00106239
2483.91 0.00106218
2483.95 0.00106217
2483.99 0.00106237
2484.02 0.00106276
2484.06 0.00106338
2484.09 0.00106425
2484.12 0.00106538
2484.16 0.00106679
2484.2 0.0010685
2484.23 0.00107048
2484.27 0.00107272
2484.3 0.00107514
2484.34 0.00107768
2484.37 0.00108022
2484.41 0.00108268
2484.44 0.00108493
2484.48 0.00108688
2484.51 0.00108844
2484.55 0.00108956
2484.58 0.00109019
2484.62 0.00109033
2484.65 0.00109002
2484.69 0.00108932
2484.72 0.00108833
2484.76 0.00108715
2484.79 0.00108591
2484.83 0.00108473
2484.86 0.00108373
2484.89 0.001083
2484.93 0.00108264
2484.97 0.00108267
2485 0.00108311
2485.04 0.00108396
2485.07 0.00108518
2485.11 0.00108672
2485.14 0.00108853
2485.18 0.00109056
2485.21 0.00109278
2485.25 0.00109518
2485.28 0.00109774
2485.32 0.0011005
2485.35 0.00110346
2485.39 0.00110667
2485.42 0.00111013
2485.46 0.00111386
2485.49 0.00111784
2485.53 0.00112204
2485.56 0.00112642
2485.6 0.00113089
2485.63 0.00113539
2485.66 0.00113983
2485.7 0.00114413
2485.74 0.00114819
2485.77 0.00115196
2485.81 0.00115537
2485.84 0.00115837
2485.88 0.00116094
2485.91 0.00116307
2485.95 0.00116476
2485.98 0.00116603
2486.02 0.00116693
2486.05 0.00116749
2486.09 0.00116778
2486.12 0.00116787
2486.16 0.0011678
2486.19 0.00116766
2486.23 0.00116748
2486.26 0.00116733
2486.3 0.00116725
2486.33 0.00116727
2486.37 0.00116743
2486.4 0.00116773
2486.44 0.00116819
2486.47 0.0011688
2486.51 0.00116955
2486.54 0.0011704
2486.58 0.00117134
2486.61 0.00117234
2486.64 0.00117337
2486.68 0.00117442
2486.72 0.00117549
2486.75 0.00117657
2486.79 0.00117771
2486.82 0.00117891
2486.86 0.00118021
2486.89 0.00118164
2486.93 0.00118321
2486.96 0.00118493
2487 0.00118679
2487.03 0.00118877
2487.07 0.00119081
2487.1 0.00119287
2487.14 0.00119489
2487.17 0.00119683
2487.21 0.00119862
2487.24 0.00120026
2487.28 0.00120175
2487.31 0.0012031
2487.35 0.00120435
2487.38 0.00120556
2487.41 0.0012068
2487.45 0.0012081
2487.49 0.00120951
2487.52 0.00121104
2487.56 0.0012127
2487.59 0.00121444
2487.62 0.00121622
2487.66 0.00121797
2487.7 0.00121961
2487.73 0.00122109
2487.77 0.00122233
2487.8 0.00122329
2487.84 0.00122392
2487.87 0.00122421
2487.91 0.00122416
2487.94 0.00122381
2487.98 0.00122319
2488.01 0.00122235
2488.05 0.00122137
2488.08 0.00122031
2488.12 0.00121924
2488.15 0.00121822
2488.19 0.00121732
2488.22 0.00121659
2488.26 0.00121604
2488.29 0.00121571
2488.33 0.0012156
2488.36 0.00121567
2488.39 0.00121591
2488.43 0.00121626
2488.47 0.00121669
2488.5 0.00121715
2488.54 0.00121761
2488.57 0.00121803
2488.61 0.00121842
2488.64 0.00121878
2488.68 0.00121914
2488.71 0.00121953
2488.75 0.00121998
2488.78 0.00122055
2488.82 0.00122125
2488.85 0.00122211
2488.89 0.00122315
2488.92 0.00122435
2488.96 0.00122572
2488.99 0.00122725
2489.03 0.00122892
2489.06 0.00123073
2489.1 0.00123269
2489.13 0.0012348
2489.16 0.00123707
2489.2 0.0012395
2489.24 0.00124208
2489.27 0.00124479
2489.31 0.00124761
2489.34 0.00125045
2489.38 0.00125327
2489.41 0.00125596
2489.45 0.00125846
2489.48 0.00126067
2489.52 0.00126254
2489.55 0.00126404
2489.59 0.00126514
2489.62 0.00126588
2489.66 0.00126629
2489.69 0.00126642
2489.73 0.00126633
2489.76 0.00126609
2489.8 0.00126575
2489.83 0.00126536
2489.87 0.00126494
2489.9 0.00126451
2489.94 0.00126407
2489.97 0.00126363
2490.01 0.00126318
2490.04 0.00126271
2490.08 0.00126223
2490.11 0.00126174
2490.14 0.00126124
2490.18 0.00126074
2490.22 0.00126024
2490.25 0.00125974
2490.29 0.00125925
2490.32 0.00125875
2490.36 0.00125822
2490.39 0.00125766
2490.43 0.00125704
2490.46 0.00125635
2490.5 0.00125558
2490.53 0.00125472
2490.57 0.00125378
2490.6 0.00125278
2490.64 0.00125174
2490.67 0.00125066
2490.71 0.00124957
2490.74 0.00124849
2490.78 0.0012474
2490.81 0.0012463
2490.85 0.00124518
2490.88 0.00124403
2490.91 0.00124281
2490.95 0.00124151
2490.99 0.00124012
2491.02 0.00123863
2491.06 0.00123703
2491.09 0.00123534
2491.12 0.00123357
2491.16 0.00123174
2491.2 0.00122987
2491.23 0.00122797
2491.27 0.00122607
2491.3 0.00122418
2491.34 0.00122227
2491.37 0.00122035
2491.41 0.00121838
2491.44 0.00121635
2491.48 0.00121422
2491.51 0.00121198
2491.55 0.00120963
2491.58 0.00120721
2491.62 0.00120475
2491.65 0.00120233
2491.69 0.00120004
2491.72 0.00119797
2491.76 0.00119624
2491.79 0.00119494
2491.83 0.00119414
2491.86 0.00119388
2491.89 0.0011942
2491.93 0.00119505
2491.97 0.0011964
2492 0.00119815
2492.04 0.0012002
2492.07 0.00120241
2492.11 0.00120467
2492.14 0.00120684
2492.18 0.0012088
2492.21 0.00121047
2492.25 0.00121176
2492.28 0.00121263
2492.32 0.00121304
2492.35 0.00121298
2492.39 0.00121246
2492.42 0.00121148
2492.46 0.00121005
2492.49 0.0012082
2492.53 0.00120595
2492.56 0.00120334
2492.6 0.00120042
2492.63 0.00119723
2492.66 0.00119385
2492.7 0.00119037
2492.74 0.00118688
2492.77 0.00118349
2492.81 0.00118029
2492.84 0.00117736
2492.88 0.00117476
2492.91 0.00117252
2492.95 0.00117063
2492.98 0.00116906
2493.02 0.00116775
2493.05 0.00116662
2493.09 0.00116556
2493.12 0.0011645
2493.16 0.00116336
2493.19 0.00116207
2493.23 0.00116062
2493.26 0.00115898
2493.3 0.00115719
2493.33 0.00115528
2493.37 0.00115331
2493.4 0.00115133
2493.44 0.0011494
2493.47 0.00114757
2493.51 0.00114588
2493.54 0.00114434
2493.58 0.00114297
2493.61 0.00114176
2493.64 0.00114067
2493.68 0.0011397
2493.72 0.00113879
2493.75 0.00113793
2493.79 0.00113708
2493.82 0.00113624
2493.86 0.00113539
2493.89 0.00113455
2493.93 0.00113373
2493.96 0.00113298
2494 0.00113231
2494.03 0.00113178
2494.07 0.00113142
2494.1 0.00113124
2494.14 0.00113128
2494.17 0.00113153
2494.21 0.00113199
2494.24 0.00113261
2494.28 0.00113336
2494.31 0.00113418
2494.35 0.00113498
2494.38 0.00113569
2494.41 0.00113622
2494.45 0.0011365
2494.49 0.00113645
2494.52 0.00113603
2494.56 0.00113523
2494.59 0.00113404
2494.62 0.00113252
2494.66 0.00113072
2494.7 0.00112873
2494.73 0.00112665
2494.77 0.00112458
2494.8 0.00112262
2494.84 0.00112084
2494.87 0.00111931
2494.91 0.00111807
2494.94 0.00111716
2494.98 0.00111656
2495.01 0.00111627
2495.05 0.00111627
2495.08 0.00111653
2495.12 0.00111699
2495.15 0.00111761
2495.19 0.00111835
2495.22 0.00111913
2495.26 0.00111991
2495.29 0.00112063
2495.33 0.00112125
2495.36 0.00112172
2495.39 0.00112202
2495.43 0.00112212
2495.47 0.00112203
2495.5 0.00112176
2495.54 0.00112134
2495.57 0.00112078
2495.61 0.00112012
2495.64 0.00111939
2495.68 0.0011186
2495.71 0.00111777
2495.75 0.00111691
2495.78 0.00111603
2495.82 0.00111514
2495.85 0.00111422
2495.89 0.00111331
2495.92 0.0011124
2495.96 0.00111152
2495.99 0.0011107
2496.03 0.00110995
2496.06 0.00110932
2496.1 0.00110884
2496.13 0.00110852
2496.16 0.00110839
2496.2 0.00110846
2496.24 0.00110875
2496.27 0.00110926
2496.31 0.00110997
2496.34 0.00111087
2496.38 0.00111194
2496.41 0.00111315
2496.45 0.00111448
2496.48 0.00111589
2496.52 0.00111735
2496.55 0.00111882
2496.59 0.00112028
2496.62 0.00112168
2496.66 0.00112302
2496.69 0.00112425
2496.73 0.00112537
2496.76 0.00112634
2496.8 0.00112716
2496.83 0.00112782
2496.87 0.00112831
2496.9 0.00112863
2496.94 0.00112879
2496.97 0.00112881
2497.01 0.0011287
2497.04 0.0011285
2497.08 0.00112824
2497.11 0.00112796
2497.14 0.00112767
2497.18 0.00112741
2497.22 0.0011272
2497.25 0.00112703
2497.29 0.00112692
2497.32 0.00112685
2497.36 0.00112681
2497.39 0.00112678
2497.43 0.00112675
2497.46 0.00112669
2497.5 0.0011266
2497.53 0.00112646
2497.57 0.00112626
2497.6 0.00112601
2497.64 0.00112571
2497.67 0.00112537
2497.71 0.00112502
2497.74 0.00112468
2497.78 0.00112439
2497.81 0.00112418
2497.85 0.00112409
2497.88 0.00112418
2497.91 0.00112448
2497.95 0.00112502
2497.99 0.00112582
2498.02 0.00112689
2498.06 0.0011282
2498.09 0.00112973
2498.12 0.00113142
2498.16 0.00113321
2498.2 0.00113501
2498.23 0.00113674
2498.27 0.00113832
