2463.3 3.8304e-235
2463.34 1.10117e-232
2463.37 3.0702e-230
2463.41 8.3019e-228
2463.44 2.17715e-225
2463.48 5.53733e-223
2463.51 1.36588e-220
2463.55 3.26756e-218
2463.58 7.58117e-216
2463.62 1.70588e-213
2463.65 3.72273e-211
2463.69 7.87905e-209
2463.72 1.61729e-206
2463.76 3.21958e-204
2463.79 6.21603e-202
2463.83 1.16393e-199
2463.86 2.11369e-197
2463.89 3.72268e-195
2463.93 6.35872e-193
2463.97 1.05338e-190
2464 1.69239e-188
2464.04 2.63703e-186
2464.07 3.98503e-184
2464.11 5.84047e-182
2464.14 8.30166e-180
2464.18 1.14441e-177
2464.21 1.53003e-175
2464.25 1.98389e-173
2464.28 2.49481e-171
2464.32 3.04269e-169
2464.35 3.59896e-167
2464.39 4.12855e-165
2464.42 4.59324e-163
2464.46 4.95612e-161
2464.49 5.18638e-159
2464.53 5.26367e-157
2464.56 5.181e-155
2464.6 4.94583e-153
2464.63 4.57895e-151
2464.66 4.11143e-149
2464.7 3.58032e-147
2464.74 3.02379e-145
2464.77 2.47675e-143
2464.81 1.9675e-141
2464.84 1.51583e-139
2464.88 1.13262e-137
2464.91 8.2077e-136
2464.95 5.76846e-134
2464.98 3.93188e-132
2465.02 2.59922e-130
2465.05 1.66643e-128
2465.09 1.03618e-126
2465.12 6.24858e-125
2465.16 3.65454e-123
2465.19 2.07294e-121
2465.23 1.14036e-119
2465.26 6.08416e-118
2465.3 3.1482e-116
2465.33 1.57989e-114
2465.37 7.68947e-113
2465.4 3.62968e-111
2465.44 1.66167e-109
2465.47 7.37775e-108
2465.51 3.17693e-106
2465.54 1.32677e-104
2465.58 5.37391e-103
2465.61 2.111e-101
2465.64 8.04254e-100
2465.68 2.97169e-98
2465.72 1.06493e-96
2465.75 3.70119e-95
2465.79 1.24759e-93
2465.82 4.07857e-92
2465.86 1.29316e-90
2465.89 3.97654e-89
2465.93 1.18595e-87
2465.96 3.43035e-86
2466 9.62318e-85
2466.03 2.61824e-83
2466.07 6.90896e-82
2466.1 1.76818e-80
2466.14 4.38888e-79
2466.17 1.05656e-77
2466.21 2.46688e-76
2466.24 5.58621e-75
2466.28 1.22688e-73
2466.31 2.61339e-72
2466.35 5.39913e-71
2466.38 1.08184e-69
2466.41 2.10243e-68
2466.45 3.96281e-67
2466.49 7.24447e-66
2466.52 1.2845e-64
2466.56 2.20896e-63
2466.59 3.6844e-62
2466.62 5.96041e-61
2466.66 9.35225e-60
2466.7 1.42327e-58
2466.73 2.10085e-57
2466.77 3.00772e-56
2466.8 4.17656e-55
2466.84 5.62525e-54
2466.87 7.34865e-53
2466.91 9.31151e-52
2466.94 1.14441e-50
2466.98 1.36425e-49
2467.01 1.57747e-48
2467.05 1.76924e-47
2467.08 1.92475e-46
2467.12 2.03108e-45
2467.15 2.07898e-44
2467.19 2.06417e-43
2467.22 1.988e-42
2467.26 1.85725e-41
2467.29 1.68311e-40
2467.33 1.47961e-39
2467.36 1.26176e-38
2467.39 1.04378e-37
2467.43 8.37629e-37
2467.47 6.52092e-36
2467.5 4.92478e-35
2467.54 3.60823e-34
2467.57 2.5647e-33
2467.61 1.76857e-32
2467.64 1.18321e-31
2467.68 7.67993e-31
2467.71 4.83642e-30
2467.75 2.95507e-29
2467.78 1.75186e-28
2467.82 1.0077e-27
2467.85 5.62432e-27
2467.89 3.046e-26
2467.92 1.60074e-25
2467.96 8.16316e-25
2467.99 4.03974e-24
2468.03 1.94008e-23
2468.06 9.04215e-23
2468.1 4.09002e-22
2468.13 1.79554e-21
2468.16 7.65068e-21
2468.2 3.16414e-20
2468.24 1.27022e-19
2468.27 4.94986e-19
2468.31 1.87247e-18
2468.34 6.87647e-18
2468.38 2.4517e-17
2468.41 8.48683e-17
2468.45 2.85248e-16
2468.48 9.30943e-16
2468.52 2.95036e-15
2468.55 9.08041e-15
2468.59 2.71421e-14
2468.62 7.87989e-14
2468.66 2.22211e-13
2468.69 6.08717e-13
2468.73 1.61995e-12
2468.76 4.1885e-12
2468.8 1.05226e-11
2468.83 2.56885e-11
2468.87 6.09449e-11
2468.9 1.40527e-10
2468.94 3.14957e-10
2468.97 6.86195e-10
2469.01 1.45343e-09
2469.04 2.99315e-09
2469.08 5.99375e-09
2469.11 1.16719e-08
2469.14 2.21058e-08
2469.18 4.0722e-08
2469.22 7.2972e-08
2469.25 1.27213e-07
2469.29 2.15773e-07
2469.32 3.56124e-07
2469.36 5.72e-07
2469.39 8.94202e-07
2469.43 1.36076e-06
2469.46 2.01609e-06
2469.5 2.90872e-06
2469.53 4.08759e-06
2469.57 5.59669e-06
2469.6 7.46885e-06
2469.64 9.71921e-06
2469.67 1.23398e-05
2469.71 1.52963e-05
2469.74 1.85286e-05
2469.78 2.19554e-05
2469.81 2.54834e-05
2469.85 2.90206e-05
2469.88 3.24923e-05
2469.91 3.58599e-05
2469.95 3.9141e-05
2469.99 4.24327e-05
2470.02 4.59381e-05
2470.06 4.99981e-05
2470.09 5.51306e-05
2470.12 6.20724e-05
2470.16 7.18217e-05
2470.2 8.56687e-05
2470.23 0.000105201
2470.27 0.00013227
2470.3 0.000168893
2470.34 0.000217106
2470.37 0.000278737
2470.41 0.00035515
2470.44 0.000446973
2470.48 0.000553862
2470.51 0.000674348
2470.55 0.000805815
2470.58 0.00094462
2470.62 0.00108635
2470.65 0.00122622
2470.69 0.00135941
2470.72 0.00148155
2470.76 0.00158893
2470.79 0.0016787
2470.83 0.00174888
2470.86 0.00179832
2470.89 0.00182656
2470.93 0.00183373
2470.97 0.00182048
2471 0.00178795
2471.04 0.00173785
2471.07 0.00167248
2471.11 0.00159478
2471.14 0.00150825
2471.18 0.00141687
2471.21 0.00132492
2471.25 0.00123672
2471.28 0.00115636
2471.32 0.00108737
2471.35 0.00103243
2471.39 0.00099308
2471.42 0.00096957
2471.46 0.000960778
2471.49 0.00096435
2471.53 0.000977033
2471.56 0.000995209
2471.6 0.00101556
2471.63 0.00103577
2471.66 0.00105517
2471.7 0.00107507
2471.74 0.00109893
2471.77 0.00113203
2471.81 0.00118088
2471.84 0.00125233
2471.88 0.00135261
2471.91 0.00148629
2471.95 0.00165551
2471.98 0.00185938
2472.02 0.00209376
2472.05 0.00235152
2472.09 0.00262296
2472.12 0.00289683
2472.16 0.00316137
2472.19 0.00340556
2472.23 0.00362042
2472.26 0.00379998
2472.3 0.00394204
2472.33 0.00404837
2472.37 0.00412449
2472.4 0.00417878
2472.44 0.0042212
2472.47 0.00426181
2472.51 0.00430906
2472.54 0.00436839
2472.58 0.00444119
2472.61 0.00452437
2472.64 0.00461051
2472.68 0.00468875
2472.72 0.00474616
2472.75 0.00476943
2472.79 0.00474674
2472.82 0.00466942
2472.86 0.00453323
2472.89 0.00433912
2472.93 0.00409337
2472.96 0.00380696
2473 0.00349448
2473.03 0.00317258
2473.07 0.00285814
2473.1 0.00256661
2473.14 0.00231046
2473.17 0.00209816
2473.21 0.00193372
2473.24 0.00181676
2473.28 0.00174316
2473.31 0.00170603
2473.35 0.00169694
2473.38 0.00170713
2473.41 0.00172855
2473.45 0.00175462
2473.49 0.00178066
2473.52 0.00180398
2473.56 0.0018237
2473.59 0.00184036
2473.62 0.00185553
2473.66 0.00187131
2473.7 0.00188997
2473.73 0.00191357
2473.77 0.00194376
2473.8 0.00198153
2473.84 0.00202706
2473.87 0.00207951
2473.91 0.00213696
2473.94 0.0021963
2473.98 0.00225333
2474.01 0.002303
2474.05 0.00233985
2474.08 0.00235853
2474.12 0.00235448
2474.15 0.00232454
2474.19 0.00226747
2474.22 0.00218414
2474.26 0.00207755
2474.29 0.00195247
2474.33 0.0018149
2474.36 0.00167141
2474.39 0.00152837
2474.43 0.00139142
2474.47 0.001265
2474.5 0.00115214
2474.54 0.00105444
2474.57 0.000972204
2474.61 0.00090475
2474.64 0.000850679
2474.68 0.000808202
2474.71 0.000775404
2474.75 0.000750444
2474.78 0.000731686
2474.82 0.000717767
2474.85 0.000707609
2474.89 0.000700388
2474.92 0.000695488
2474.96 0.000692436
2474.99 0.000690841
2475.03 0.000690348
2475.06 0.000690603
2475.1 0.000691242
2475.13 0.000691897
2475.16 0.000692218
2475.2 0.000691899
2475.24 0.000690705
2475.27 0.000688497
2475.31 0.000685238
2475.34 0.000680988
2475.38 0.000675885
2475.41 0.00067011
2475.45 0.000663862
2475.48 0.000657318
2475.52 0.000650616
2475.55 0.000643846
2475.59 0.000637052
2475.62 0.000630253
2475.66 0.000623467
2475.69 0.000616737
2475.73 0.000610155
2475.76 0.000603871
2475.8 0.000598094
2475.83 0.000593078
2475.87 0.000589098
2475.9 0.000586421
2475.94 0.000585278
2475.97 0.000585838
2476.01 0.000588195
2476.04 0.000592362
2476.08 0.000598277
2476.11 0.000605818
2476.14 0.000614827
2476.18 0.000625127
2476.22 0.000636544
2476.25 0.00064892
2476.29 0.000662119
2476.32 0.00067603
2476.36 0.000690553
2476.39 0.000705597
2476.43 0.000721064
2476.46 0.000736846
2476.5 0.000752819
2476.53 0.000768848
2476.57 0.000784794
2476.6 0.000800533
2476.64 0.000815961
2476.67 0.000831015
2476.71 0.000845672
2476.74 0.000859951
2476.78 0.000873907
2476.81 0.000887607
2476.85 0.000901115
2476.88 0.000914463
2476.91 0.000927633
2476.95 0.000940541
2476.99 0.000953036
2477.02 0.000964904
2477.06 0.000975891
2477.09 0.000985733
2477.12 0.000994189
2477.16 0.00100108
2477.2 0.00100631
2477.23 0.00100991
2477.27 0.00101199
2477.3 0.00101278
2477.34 0.00101258
2477.37 0.00101173
2477.41 0.00101055
2477.44 0.00100932
2477.48 0.00100825
2477.51 0.00100744
2477.55 0.00100693
2477.58 0.00100664
2477.62 0.00100646
2477.65 0.00100622
2477.69 0.00100578
2477.72 0.00100502
2477.76 0.00100387
2477.79 0.00100233
2477.83 0.00100045
2477.86 0.000998345
2477.89 0.000996184
2477.93 0.000994147
2477.97 0.000992427
2478 0.000991205
2478.04 0.00099064
2478.07 0.000990853
2478.11 0.000991928
2478.14 0.000993904
2478.18 0.000996781
2478.21 0.00100052
2478.25 0.00100506
2478.28 0.0010103
2478.32 0.00101613
2478.35 0.00102246
2478.39 0.00102916
2478.42 0.00103612
2478.46 0.00104326
2478.49 0.00105045
2478.53 0.0010576
2478.56 0.00106461
2478.6 0.00107137
2478.63 0.00107774
2478.66 0.00108361
2478.7 0.00108887
2478.74 0.00109341
2478.77 0.00109716
2478.81 0.00110007
2478.84 0.00110214
2478.88 0.00110338
2478.91 0.00110387
2478.95 0.00110369
2478.98 0.00110294
2479.02 0.00110176
2479.05 0.00110027
2479.09 0.00109863
2479.12 0.00109696
2479.16 0.00109541
2479.19 0.00109409
2479.23 0.00109312
2479.26 0.00109258
2479.3 0.00109252
2479.33 0.00109296
2479.37 0.00109387
2479.4 0.0010952
2479.44 0.00109684
2479.47 0.00109866
2479.51 0.00110052
2479.54 0.00110226
2479.58 0.00110375
2479.61 0.00110486
2479.64 0.00110553
2479.68 0.00110574
2479.72 0.00110553
2479.75 0.00110497
2479.79 0.00110419
2479.82 0.00110333
2479.86 0.00110254
2479.89 0.00110197
2479.93 0.00110174
2479.96 0.00110195
2480 0.00110266
2480.03 0.00110391
2480.07 0.0011057
2480.1 0.00110799
2480.14 0.00111073
2480.17 0.00111383
2480.21 0.0011172
2480.24 0.00112071
2480.28 0.00112424
2480.31 0.00112767
2480.35 0.00113087
2480.38 0.00113372
2480.41 0.00113611
2480.45 0.00113797
2480.49 0.00113921
2480.52 0.00113977
2480.56 0.00113964
2480.59 0.0011388
2480.62 0.0011373
2480.66 0.00113519
2480.7 0.00113257
2480.73 0.00112958
2480.77 0.00112634
2480.8 0.00112303
2480.84 0.00111977
2480.87 0.00111668
2480.91 0.00111384
2480.94 0.00111129
2480.98 0.00110902
2481.01 0.00110698
2481.05 0.0011051
2481.08 0.00110328
2481.12 0.00110143
2481.15 0.00109945
2481.19 0.00109727
2481.22 0.00109481
2481.26 0.00109203
2481.29 0.00108888
2481.33 0.00108533
2481.36 0.00108137
2481.39 0.00107699
2481.43 0.00107222
2481.47 0.00106709
2481.5 0.00106166
2481.54 0.00105602
2481.57 0.00105027
2481.61 0.00104453
2481.64 0.00103896
2481.68 0.00103369
2481.71 0.0010289
2481.75 0.00102473
2481.78 0.00102132
2481.82 0.00101879
2481.85 0.00101721
2481.89 0.00101662
2481.92 0.001017
2481.96 0.00101829
2481.99 0.00102038
2482.03 0.00102311
2482.06 0.00102633
2482.1 0.00102986
2482.13 0.00103352
2482.16 0.00103716
2482.2 0.00104063
2482.24 0.00104382
2482.27 0.00104664
2482.31 0.00104902
2482.34 0.00105091
2482.38 0.00105228
2482.41 0.00105313
2482.45 0.00105346
2482.48 0.00105333
2482.52 0.00105279
2482.55 0.00105193
2482.59 0.00105086
2482.62 0.00104968
2482.66 0.0010485
2482.69 0.00104742
2482.73 0.00104652
2482.76 0.00104585
2482.8 0.00104547
2482.83 0.00104538
2482.87 0.00104561
2482.9 0.00104614
2482.94 0.00104696
2482.97 0.00104806
2483.01 0.0010494
2483.04 0.00105094
2483.08 0.00105264
2483.11 0.00105445
2483.14 0.00105629
2483.18 0.0010581
2483.22 0.00105983
2483.25 0.00106142
2483.29 0.00106285
2483.32 0.0010641
2483.36 0.00106519
2483.39 0.00106613
2483.43 0.00106697
2483.46 0.00106772
2483.5 0.00106842
2483.53 0.00106907
2483.57 0.00106966
2483.6 0.00107018
2483.64 0.00107057
2483.67 0.00107081
2483.71 0.00107087
2483.74 0.00107075
2483.78 0.00107046
2483.81 0.00107003
2483.85 0.00106953
2483.88 0.00106904
2483.91 0.00106862
2483.95 0.00106836
2483.99 0.00106829
2484.02 0.00106844
2484.06 0.00106881
2484.09 0.00106936
2484.12 0.00107002
2484.16 0.00107074
2484.2 0.00107144
2484.23 0.00107206
2484.27 0.00107255
2484.3 0.00107288
2484.34 0.00107302
2484.37 0.00107298
2484.41 0.00107276
2484.44 0.00107238
2484.48 0.00107185
2484.51 0.00107119
2484.55 0.00107042
2484.58 0.00106958
2484.62 0.00106872
2484.65 0.00106786
2484.69 0.00106708
2484.72 0.00106642
2484.76 0.00106594
2484.79 0.00106567
2484.83 0.00106564
2484.86 0.00106586
2484.89 0.00106631
2484.93 0.00106696
2484.97 0.00106779
2485 0.00106874
2485.04 0.00106976
2485.07 0.00107082
2485.11 0.00107187
2485.14 0.0010729
2485.18 0.00107389
2485.21 0.00107484
2485.25 0.00107577
2485.28 0.0010767
2485.32 0.00107765
2485.35 0.00107868
2485.39 0.00107979
2485.42 0.00108101
2485.46 0.00108236
2485.49 0.00108384
2485.53 0.00108544
2485.56 0.00108714
2485.6 0.00108891
2485.63 0.00109075
2485.66 0.00109261
2485.7 0.0010945
2485.74 0.0010964
2485.77 0.00109833
2485.81 0.00110029
2485.84 0.0011023
2485.88 0.0011044
2485.91 0.0011066
2485.95 0.00110893
2485.98 0.00111142
2486.02 0.00111408
2486.05 0.00111695
2486.09 0.00112004
2486.12 0.00112334
2486.16 0.00112687
2486.19 0.0011306
2486.23 0.0011345
2486.26 0.00113854
2486.3 0.00114266
2486.33 0.00114679
2486.37 0.00115088
2486.4 0.00115485
2486.44 0.00115864
2486.47 0.00116222
2486.51 0.00116554
2486.54 0.00116861
2486.58 0.00117143
2486.61 0.00117402
2486.64 0.00117642
2486.68 0.00117867
2486.72 0.0011808
2486.75 0.00118286
2486.79 0.00118487
2486.82 0.00118685
2486.86 0.00118879
2486.89 0.00119068
2486.93 0.00119248
2486.96 0.00119417
2487 0.00119569
2487.03 0.00119703
2487.07 0.00119815
2487.1 0.00119906
2487.14 0.00119976
2487.17 0.00120028
2487.21 0.00120065
2487.24 0.00120093
2487.28 0.00120117
2487.31 0.00120142
2487.35 0.00120173
2487.38 0.00120216
2487.41 0.00120274
2487.45 0.00120352
2487.49 0.00120452
2487.52 0.00120576
2487.56 0.00120723
2487.59 0.00120893
2487.62 0.00121082
2487.66 0.00121285
2487.7 0.00121496
2487.73 0.00121708
2487.77 0.00121914
2487.8 0.00122104
2487.84 0.00122273
2487.87 0.00122413
2487.91 0.0012252
2487.94 0.00122592
2487.98 0.00122627
2488.01 0.00122628
2488.05 0.00122599
2488.08 0.00122545
2488.12 0.00122471
2488.15 0.00122385
2488.19 0.00122291
2488.22 0.00122194
2488.26 0.00122096
2488.29 0.00121998
2488.33 0.00121899
2488.36 0.00121796
2488.39 0.00121686
2488.43 0.00121568
2488.47 0.00121438
2488.5 0.00121298
2488.54 0.00121149
2488.57 0.00120996
2488.61 0.00120843
2488.64 0.00120699
2488.68 0.00120571
2488.71 0.00120467
2488.75 0.00120393
2488.78 0.00120356
2488.82 0.00120361
2488.85 0.0012041
2488.89 0.00120505
2488.92 0.00120645
2488.96 0.00120828
2488.99 0.0012105
2489.03 0.00121303
2489.06 0.0012158
2489.1 0.00121871
2489.13 0.00122167
2489.16 0.00122456
2489.2 0.0012273
2489.24 0.0012298
2489.27 0.00123199
2489.31 0.00123385
2489.34 0.00123537
2489.38 0.00123657
2489.41 0.00123751
2489.45 0.00123823
2489.48 0.00123882
2489.52 0.00123934
2489.55 0.00123986
2489.59 0.00124043
2489.62 0.00124107
2489.66 0.00124179
2489.69 0.00124257
2489.73 0.00124338
2489.76 0.0012442
2489.8 0.00124499
2489.83 0.0012457
2489.87 0.00124631
2489.9 0.0012468
2489.94 0.00124716
2489.97 0.0012474
2490.01 0.00124753
2490.04 0.00124757
2490.08 0.00124756
2490.11 0.00124753
2490.14 0.0012475
2490.18 0.0012475
2490.22 0.00124754
2490.25 0.00124762
2490.29 0.00124773
2490.32 0.00124784
2490.36 0.00124791
2490.39 0.00124792
2490.43 0.00124783
2490.46 0.00124764
2490.5 0.00124733
2490.53 0.00124695
2490.57 0.00124652
2490.6 0.00124612
2490.64 0.0012458
2490.67 0.00124563
2490.71 0.00124568
2490.74 0.00124597
2490.78 0.00124654
2490.81 0.00124737
2490.85 0.00124843
2490.88 0.00124966
2490.91 0.001251
2490.95 0.00125236
2490.99 0.00125365
2491.02 0.0012548
2491.06 0.00125574
2491.09 0.0012564
2491.12 0.00125677
2491.16 0.00125682
2491.2 0.00125656
2491.23 0.00125602
2491.27 0.00125523
2491.3 0.00125422
2491.34 0.00125303
2491.37 0.00125169
2491.41 0.00125024
2491.44 0.00124871
2491.48 0.00124712
2491.51 0.00124548
2491.55 0.00124384
2491.58 0.00124219
2491.62 0.00124056
2491.65 0.00123895
2491.69 0.00123736
2491.72 0.00123578
2491.76 0.00123421
2491.79 0.00123263
2491.83 0.00123102
2491.86 0.00122939
2491.89 0.00122773
2491.93 0.00122605
2491.97 0.00122436
2492 0.00122266
2492.04 0.00122097
2492.07 0.0012193
2492.11 0.00121765
2492.14 0.00121604
2492.18 0.00121446
2492.21 0.00121292
2492.25 0.00121142
2492.28 0.00120997
2492.32 0.00120857
2492.35 0.00120722
2492.39 0.00120593
2492.42 0.00120472
2492.46 0.00120356
2492.49 0.00120248
2492.53 0.00120145
2492.56 0.00120047
2492.6 0.00119952
2492.63 0.00119858
2492.66 0.00119765
2492.7 0.00119671
2492.74 0.00119573
2492.77 0.00119473
2492.81 0.0011937
2492.84 0.00119264
2492.88 0.00119158
2492.91 0.00119052
2492.95 0.00118949
2492.98 0.00118851
2493.02 0.0011876
2493.05 0.00118677
2493.09 0.00118602
2493.12 0.00118537
2493.16 0.00118479
2493.19 0.00118428
2493.23 0.00118382
2493.26 0.00118339
2493.3 0.00118299
2493.33 0.00118262
2493.37 0.00118226
2493.4 0.00118195
2493.44 0.00118169
2493.47 0.00118151
2493.51 0.00118141
2493.54 0.00118143
2493.58 0.00118156
2493.61 0.00118179
2493.64 0.00118211
2493.68 0.00118249
2493.72 0.00118289
2493.75 0.00118327
2493.79 0.00118357
2493.82 0.00118374
2493.86 0.00118375
2493.89 0.00118354
2493.93 0.00118309
2493.96 0.00118239
2494 0.00118144
2494.03 0.00118023
2494.07 0.00117882
2494.1 0.00117722
2494.14 0.00117551
2494.17 0.00117375
2494.21 0.001172
2494.24 0.00117034
2494.28 0.00116884
2494.31 0.00116754
2494.35 0.00116648
2494.38 0.00116566
2494.41 0.00116508
2494.45 0.00116468
2494.49 0.00116442
2494.52 0.00116423
2494.56 0.00116405
2494.59 0.00116381
2494.62 0.00116346
2494.66 0.00116295
2494.7 0.00116227
2494.73 0.00116141
2494.77 0.00116037
2494.8 0.00115917
2494.84 0.00115783
2494.87 0.00115638
2494.91 0.00115486
2494.94 0.00115331
2494.98 0.00115177
2495.01 0.00115028
2495.05 0.00114888
2495.08 0.0011476
2495.12 0.00114648
2495.15 0.00114551
2495.19 0.00114469
2495.22 0.001144
2495.26 0.0011434
2495.29 0.00114285
2495.33 0.00114229
2495.36 0.00114167
2495.39 0.00114095
2495.43 0.00114012
2495.47 0.00113916
2495.5 0.00113809
2495.54 0.00113696
2495.57 0.00113579
2495.61 0.00113466
2495.64 0.00113363
2495.68 0.00113273
2495.71 0.00113203
2495.75 0.00113154
2495.78 0.00113126
2495.82 0.00113118
2495.85 0.00113125
2495.89 0.00113142
2495.92 0.0011316
2495.96 0.00113172
2495.99 0.00113168
2496.03 0.00113142
2496.06 0.00113087
2496.1 0.00112999
2496.13 0.00112876
2496.16 0.00112721
2496.2 0.00112536
2496.24 0.00112328
2496.27 0.00112105
2496.31 0.00111874
2496.34 0.00111645
2496.38 0.00111424
2496.41 0.0011122
2496.45 0.00111035
2496.48 0.00110874
2496.52 0.00110735
2496.55 0.0011062
2496.59 0.00110524
2496.62 0.00110446
2496.66 0.00110382
2496.69 0.00110329
2496.73 0.00110284
2496.76 0.00110245
2496.8 0.0011021
2496.83 0.0011018
2496.87 0.00110154
2496.9 0.00110131
2496.94 0.00110113
2496.97 0.00110098
2497.01 0.00110089
2497.04 0.00110083
2497.08 0.00110081
2497.11 0.00110083
2497.14 0.00110088
2497.18 0.00110095
2497.22 0.00110103
2497.25 0.0011011
2497.29 0.00110115
2497.32 0.00110117
2497.36 0.00110113
2497.39 0.00110103
2497.43 0.00110087
2497.46 0.00110062
2497.5 0.00110031
2497.53 0.00109993
2497.57 0.00109951
2497.6 0.00109906
2497.64 0.0010986
2497.67 0.00109816
2497.71 0.00109775
2497.74 0.00109736
2497.78 0.001097
2497.81 0.00109664
2497.85 0.00109626
2497.88 0.0010958
2497.91 0.00109522
2497.95 0.00109448
2497.99 0.00109354
2498.02 0.00109236
2498.06 0.00109094
2498.09 0.00108927
2498.12 0.00108739
2498.16 0.00108533
2498.2 0.00108316
2498.23 0.00108095
2498.27 0.00107876
