2463.3 7.90283e-249
2463.34 2.71824e-246
2463.37 9.0676e-244
2463.41 2.93358e-241
2463.44 9.20454e-239
2463.48 2.80096e-236
2463.51 8.26632e-234
2463.55 2.36601e-231
2463.58 6.56784e-229
2463.62 1.76818e-226
2463.65 4.61671e-224
2463.69 1.16906e-221
2463.72 2.87107e-219
2463.76 6.83831e-217
2463.79 1.57963e-214
2463.83 3.53883e-212
2463.86 7.68891e-210
2463.89 1.62021e-207
2463.93 3.31113e-205
2463.97 6.56268e-203
2464 1.2615e-200
2464.04 2.35176e-198
2464.07 4.25205e-196
2464.11 7.45597e-194
2464.14 1.26797e-191
2464.18 2.0913e-189
2464.21 3.34519e-187
2464.25 5.18952e-185
2464.28 7.80788e-183
2464.32 1.1393e-180
2464.35 1.6123e-178
2464.39 2.21285e-176
2464.42 2.94549e-174
2464.46 3.80245e-172
2464.49 4.76069e-170
2464.53 5.78064e-168
2464.56 6.80742e-166
2464.6 7.7748e-164
2464.63 8.61183e-162
2464.66 9.25128e-160
2464.7 9.63848e-158
2464.74 9.73902e-156
2464.77 9.54382e-154
2464.81 9.07045e-152
2464.84 8.36057e-150
2464.88 7.47382e-148
2464.91 6.47963e-146
2464.95 5.44825e-144
2464.98 4.44288e-142
2465.02 3.51376e-140
2465.05 2.69513e-138
2465.09 2.00487e-136
2465.12 1.44642e-134
2465.16 1.01205e-132
2465.19 6.86768e-131
2465.23 4.51979e-129
2465.26 2.88487e-127
2465.3 1.78581e-125
2465.33 1.07212e-123
2465.37 6.2424e-122
2465.4 3.52501e-120
2465.44 1.9305e-118
2465.47 1.02537e-116
2465.51 5.28187e-115
2465.54 2.63875e-113
2465.58 1.27852e-111
2465.61 6.00783e-110
2465.64 2.73796e-108
2465.68 1.21015e-106
2465.72 5.18739e-105
2465.75 2.15655e-103
2465.79 8.69505e-102
2465.82 3.40004e-100
2465.86 1.28943e-98
2465.89 4.74252e-97
2465.93 1.69169e-95
2465.96 5.85242e-94
2466 1.96359e-92
2466.03 6.38947e-91
2466.07 2.01642e-89
2466.1 6.17157e-88
2466.14 1.83195e-86
2466.17 5.27388e-85
2466.21 1.47248e-83
2466.24 3.9872e-82
2466.28 1.0471e-80
2466.31 2.66691e-79
2466.35 6.58766e-78
2466.38 1.57817e-76
2466.41 3.66674e-75
2466.45 8.2624e-74
2466.49 1.80565e-72
2466.52 3.82704e-71
2466.56 7.86674e-70
2466.59 1.5683e-68
2466.62 3.03224e-67
2466.66 5.68592e-66
2466.7 1.03405e-64
2466.73 1.82383e-63
2466.77 3.11982e-62
2466.8 5.17581e-61
2466.84 8.32781e-60
2466.87 1.29953e-58
2466.91 1.96674e-57
2466.94 2.88676e-56
2466.98 4.10942e-55
2467.01 5.67355e-54
2467.05 7.59688e-53
2467.08 9.86556e-52
2467.12 1.24255e-50
2467.15 1.5178e-49
2467.19 1.79814e-48
2467.22 2.06604e-47
2467.26 2.30232e-46
2467.29 2.48829e-45
2467.33 2.60824e-44
2467.36 2.65159e-43
2467.39 2.61444e-42
2467.43 2.50014e-41
2467.47 2.31881e-40
2467.5 2.08585e-39
2467.54 1.81979e-38
2467.57 1.53984e-37
2467.61 1.26373e-36
2467.64 1.0059e-35
2467.68 7.76572e-35
2467.71 5.81482e-34
2467.75 4.223e-33
2467.78 2.97467e-32
2467.82 2.03232e-31
2467.85 1.34674e-30
2467.89 8.65606e-30
2467.92 5.39637e-29
2467.96 3.26313e-28
2467.99 1.91391e-27
2468.03 1.08885e-26
2468.06 6.00869e-26
2468.1 3.21635e-25
2468.13 1.67003e-24
2468.16 8.41139e-24
2468.2 4.10964e-23
2468.24 1.94778e-22
2468.27 8.95537e-22
2468.31 3.99435e-21
2468.34 1.72837e-20
2468.38 7.25548e-20
2468.41 2.95493e-19
2468.45 1.1676e-18
2468.48 4.47631e-18
2468.52 1.6651e-17
2468.55 6.00999e-17
2468.59 2.10492e-16
2468.62 7.15394e-16
2468.66 2.35953e-15
2468.69 7.55264e-15
2468.73 2.34633e-14
2468.76 7.07492e-14
2468.8 2.07074e-13
2468.83 5.88342e-13
2468.87 1.62281e-12
2468.9 4.34583e-12
2468.94 1.13001e-11
2468.97 2.85321e-11
2469.01 6.99636e-11
2469.04 1.66625e-10
2469.08 3.85464e-10
2469.11 8.66278e-10
2469.14 1.89153e-09
2469.18 4.01337e-09
2469.22 8.27578e-09
2469.25 1.65874e-08
2469.29 3.23217e-08
2469.32 6.12399e-08
2469.36 1.12846e-07
2469.39 2.0228e-07
2469.43 3.52813e-07
2469.46 5.98947e-07
2469.5 9.89993e-07
2469.53 1.59385e-06
2469.57 2.50057e-06
2469.6 3.82514e-06
2469.64 5.70896e-06
2469.67 8.31969e-06
2469.71 1.18495e-05
2469.74 1.65121e-05
2469.78 2.254e-05
2469.81 3.01824e-05
2469.85 3.9706e-05
2469.88 5.13972e-05
2469.91 6.55639e-05
2469.95 8.25332e-05
2469.99 0.000102638
2470.02 0.000126188
2470.06 0.000153415
2470.09 0.000184404
2470.12 0.00021901
2470.16 0.000256789
2470.2 0.000296956
2470.23 0.000338419
2470.27 0.00037989
2470.3 0.000420093
2470.34 0.000458043
2470.37 0.000493355
2470.41 0.000526528
2470.44 0.000559108
2470.48 0.000593698
2470.51 0.000633741
2470.55 0.000683108
2470.58 0.0007455
2470.62 0.000823786
2470.65 0.00091935
2470.69 0.00103159
2470.72 0.00115763
2470.76 0.00129243
2470.79 0.00142906
2470.83 0.00155948
2470.86 0.00167533
2470.89 0.00176895
2470.93 0.00183424
2470.97 0.00186743
2471 0.0018674
2471.04 0.00183583
2471.07 0.00177685
2471.11 0.00169655
2471.14 0.00160225
2471.18 0.00150178
2471.21 0.00140273
2471.25 0.00131187
2471.28 0.00123471
2471.32 0.00117513
2471.35 0.0011352
2471.39 0.00111514
2471.42 0.00111334
2471.46 0.00112668
2471.49 0.00115095
2471.53 0.00118147
2471.56 0.00121384
2471.6 0.00124463
2471.63 0.00127196
2471.66 0.00129592
2471.7 0.0013185
2471.74 0.00134334
2471.77 0.00137507
2471.81 0.00141862
2471.84 0.00147836
2471.88 0.00155751
2471.91 0.0016577
2471.95 0.00177893
2471.98 0.0019197
2472.02 0.00207754
2472.05 0.0022495
2472.09 0.00243281
2472.12 0.00262531
2472.16 0.0028257
2472.19 0.00303349
2472.23 0.00324866
2472.26 0.00347112
2472.3 0.00369996
2472.33 0.0039329
2472.37 0.00416574
2472.4 0.0043923
2472.44 0.00460469
2472.47 0.00479397
2472.51 0.00495109
2472.54 0.00506799
2472.58 0.00513859
2472.61 0.00515962
2472.64 0.00513104
2472.68 0.00505611
2472.72 0.00494104
2472.75 0.00479433
2472.79 0.00462595
2472.82 0.00444641
2472.86 0.00426579
2472.89 0.00409293
2472.93 0.00393477
2472.96 0.00379588
2473 0.00367826
2473.03 0.00358136
2473.07 0.0035024
2473.1 0.00343683
2473.14 0.00337906
2473.17 0.00332315
2473.21 0.00326357
2473.24 0.00319584
2473.28 0.00311704
2473.31 0.00302606
2473.35 0.00292368
2473.38 0.00281234
2473.41 0.0026958
2473.45 0.00257855
2473.49 0.00246518
2473.52 0.00235976
2473.56 0.00226531
2473.59 0.00218342
2473.62 0.00211409
2473.66 0.00205587
2473.7 0.00200612
2473.73 0.00196152
2473.77 0.00191854
2473.8 0.00187408
2473.84 0.00182579
2473.87 0.00177244
2473.91 0.00171396
2473.94 0.0016513
2473.98 0.00158617
2474.01 0.00152061
2474.05 0.00145652
2474.08 0.00139533
2474.12 0.00133766
2474.15 0.00128329
2474.19 0.00123128
2474.22 0.00118019
2474.26 0.00112853
2474.29 0.00107504
2474.33 0.00101909
2474.36 0.000960737
2474.39 0.000900808
2474.43 0.000840698
2474.47 0.000782143
2474.5 0.000726937
2474.54 0.000676674
2474.57 0.000632565
2474.61 0.000595348
2474.64 0.000565284
2474.68 0.00054222
2474.71 0.000525693
2474.75 0.00051504
2474.78 0.000509489
2474.82 0.000508228
2474.85 0.000510452
2474.89 0.000515378
2474.92 0.000522258
2474.96 0.000530388
2474.99 0.00053912
2475.03 0.000547884
2475.06 0.000556206
2475.1 0.000563738
2475.13 0.000570266
2475.16 0.000575711
2475.2 0.000580115
2475.24 0.000583614
2475.27 0.00058639
2475.31 0.000588635
2475.34 0.000590503
2475.38 0.000592089
2475.41 0.000593408
2475.45 0.000594403
2475.48 0.000594961
2475.52 0.000594938
2475.55 0.000594194
2475.59 0.000592616
2475.62 0.000590141
2475.66 0.00058676
2475.69 0.000582523
2475.73 0.000577525
2475.76 0.0005719
2475.8 0.000565799
2475.83 0.00055939
2475.87 0.000552849
2475.9 0.00054636
2475.94 0.000540118
2475.97 0.000534331
2476.01 0.000529224
2476.04 0.000525028
2476.08 0.000521976
2476.11 0.000520287
2476.14 0.00052015
2476.18 0.000521706
2476.22 0.000525041
2476.25 0.000530171
2476.29 0.00053705
2476.32 0.000545568
2476.36 0.000555571
2476.39 0.000566869
2476.43 0.000579251
2476.46 0.000592502
2476.5 0.000606408
2476.53 0.000620763
2476.57 0.000635367
2476.6 0.000650033
2476.64 0.000664579
2476.67 0.000678838
2476.71 0.000692655
2476.74 0.000705902
2476.78 0.000718484
2476.81 0.000730344
2476.85 0.000741475
2476.88 0.000751915
2476.91 0.000761746
2476.95 0.000771085
2476.99 0.000780064
2477.02 0.000788823
2477.06 0.000797485
2477.09 0.000806147
2477.12 0.000814873
2477.16 0.000823688
2477.2 0.00083258
2477.23 0.00084151
2477.27 0.000850421
2477.3 0.000859246
2477.34 0.000867918
2477.37 0.000876376
2477.41 0.00088457
2477.44 0.000892459
2477.48 0.000900016
2477.51 0.000907221
2477.55 0.000914068
2477.58 0.000920561
2477.62 0.000926723
2477.65 0.000932596
2477.69 0.000938245
2477.72 0.00094376
2477.76 0.000949249
2477.79 0.000954833
2477.83 0.000960634
2477.86 0.000966765
2477.89 0.000973314
2477.93 0.000980335
2477.97 0.000987845
2478 0.000995823
2478.04 0.00100421
2478.07 0.00101292
2478.11 0.00102185
2478.14 0.00103088
2478.18 0.00103989
2478.21 0.00104875
2478.25 0.00105734
2478.28 0.00106555
2478.32 0.00107327
2478.35 0.00108044
2478.39 0.00108698
2478.42 0.00109287
2478.46 0.00109811
2478.49 0.00110274
2478.53 0.00110683
2478.56 0.00111047
2478.6 0.00111378
2478.63 0.00111687
2478.66 0.00111984
2478.7 0.00112277
2478.74 0.00112571
2478.77 0.00112865
2478.81 0.00113158
2478.84 0.00113443
2478.88 0.00113714
2478.91 0.00113965
2478.95 0.00114191
2478.98 0.00114391
2479.02 0.0011457
2479.05 0.00114735
2479.09 0.001149
2479.12 0.00115078
2479.16 0.00115285
2479.19 0.00115533
2479.23 0.00115829
2479.26 0.00116177
2479.3 0.00116571
2479.33 0.00117001
2479.37 0.00117452
2479.4 0.00117904
2479.44 0.00118335
2479.47 0.00118726
2479.51 0.00119058
2479.54 0.00119319
2479.58 0.001195
2479.61 0.00119598
2479.64 0.00119617
2479.68 0.00119566
2479.72 0.00119458
2479.75 0.00119308
2479.79 0.00119133
2479.82 0.00118948
2479.86 0.00118767
2479.89 0.00118599
2479.93 0.00118448
2479.96 0.00118314
2480 0.00118192
2480.03 0.00118077
2480.07 0.00117958
2480.1 0.00117828
2480.14 0.00117679
2480.17 0.00117507
2480.21 0.0011731
2480.24 0.0011709
2480.28 0.00116853
2480.31 0.00116607
2480.35 0.00116363
2480.38 0.00116132
2480.41 0.00115927
2480.45 0.00115759
2480.49 0.00115639
2480.52 0.00115574
2480.56 0.00115571
2480.59 0.00115628
2480.62 0.00115744
2480.66 0.00115911
2480.7 0.00116118
2480.73 0.0011635
2480.77 0.0011659
2480.8 0.00116819
2480.84 0.00117019
2480.87 0.00117173
2480.91 0.00117265
2480.94 0.00117287
2480.98 0.00117234
2481.01 0.00117106
2481.05 0.0011691
2481.08 0.00116659
2481.12 0.00116366
2481.15 0.00116051
2481.19 0.00115732
2481.22 0.00115425
2481.26 0.00115147
2481.29 0.00114909
2481.33 0.0011472
2481.36 0.00114582
2481.39 0.00114494
2481.43 0.00114449
2481.47 0.00114439
2481.5 0.0011445
2481.54 0.00114468
2481.57 0.00114479
2481.61 0.00114469
2481.64 0.00114427
2481.68 0.00114347
2481.71 0.00114224
2481.75 0.00114061
2481.78 0.00113863
2481.82 0.0011364
2481.85 0.00113403
2481.89 0.00113165
2481.92 0.00112936
2481.96 0.00112729
2481.99 0.00112549
2482.03 0.00112401
2482.06 0.00112286
2482.1 0.00112204
2482.13 0.00112148
2482.16 0.00112114
2482.2 0.00112096
2482.24 0.00112088
2482.27 0.00112083
2482.31 0.0011208
2482.34 0.00112075
2482.38 0.0011207
2482.41 0.00112063
2482.45 0.00112057
2482.48 0.00112051
2482.52 0.00112044
2482.55 0.00112033
2482.59 0.00112011
2482.62 0.00111972
2482.66 0.00111905
2482.69 0.001118
2482.73 0.0011165
2482.76 0.00111447
2482.8 0.00111188
2482.83 0.00110875
2482.87 0.00110512
2482.9 0.00110109
2482.94 0.00109678
2482.97 0.00109233
2483.01 0.00108789
2483.04 0.00108361
2483.08 0.0010796
2483.11 0.00107598
2483.14 0.0010728
2483.18 0.00107011
2483.22 0.0010679
2483.25 0.00106615
2483.29 0.00106482
2483.32 0.00106384
2483.36 0.00106314
2483.39 0.00106265
2483.43 0.00106232
2483.46 0.00106209
2483.5 0.00106193
2483.53 0.00106179
2483.57 0.00106167
2483.6 0.00106155
2483.64 0.00106141
2483.67 0.00106124
2483.71 0.00106099
2483.74 0.00106064
2483.78 0.00106014
2483.81 0.00105942
2483.85 0.00105843
2483.88 0.00105714
2483.91 0.0010555
2483.95 0.00105352
2483.99 0.00105122
2484.02 0.00104864
2484.06 0.00104586
2484.09 0.00104296
2484.12 0.00104006
2484.16 0.00103727
2484.2 0.0010347
2484.23 0.00103244
2484.27 0.00103057
2484.3 0.00102913
2484.34 0.00102817
2484.37 0.00102766
2484.41 0.00102761
2484.44 0.00102796
2484.48 0.00102868
2484.51 0.00102972
2484.55 0.00103103
2484.58 0.00103258
2484.62 0.00103436
2484.65 0.00103633
2484.69 0.00103848
2484.72 0.00104079
2484.76 0.00104323
2484.79 0.00104576
2484.83 0.00104833
2484.86 0.00105088
2484.89 0.00105335
2484.93 0.0010557
2484.97 0.00105789
2485 0.00105992
2485.04 0.0010618
2485.07 0.00106359
2485.11 0.00106533
2485.14 0.00106712
2485.18 0.00106903
2485.21 0.00107113
2485.25 0.00107346
2485.28 0.00107603
2485.32 0.00107884
2485.35 0.00108182
2485.39 0.0010849
2485.42 0.00108799
2485.46 0.001091
2485.49 0.00109385
2485.53 0.00109649
2485.56 0.00109887
2485.6 0.00110099
2485.63 0.00110284
2485.66 0.00110442
2485.7 0.00110576
2485.74 0.00110684
2485.77 0.00110766
2485.81 0.00110821
2485.84 0.00110848
2485.88 0.00110847
2485.91 0.00110818
2485.95 0.00110767
2485.98 0.00110698
2486.02 0.00110621
2486.05 0.00110545
2486.09 0.00110479
2486.12 0.00110434
2486.16 0.00110415
2486.19 0.00110427
2486.23 0.00110474
2486.26 0.00110554
2486.3 0.00110665
2486.33 0.00110804
2486.37 0.00110968
2486.4 0.00111151
2486.44 0.00111353
2486.47 0.00111569
2486.51 0.00111797
2486.54 0.00112033
2486.58 0.00112274
2486.61 0.00112513
2486.64 0.00112745
2486.68 0.00112962
2486.72 0.00113157
2486.75 0.00113322
2486.79 0.00113454
2486.82 0.00113548
2486.86 0.00113606
2486.89 0.00113628
2486.93 0.0011362
2486.96 0.00113588
2487 0.00113538
2487.03 0.00113478
2487.07 0.00113414
2487.1 0.00113352
2487.14 0.001133
2487.17 0.00113261
2487.21 0.0011324
2487.24 0.00113242
2487.28 0.00113271
2487.31 0.00113329
2487.35 0.00113419
2487.38 0.00113541
2487.41 0.00113696
2487.45 0.00113883
2487.49 0.001141
2487.52 0.00114344
2487.56 0.00114612
2487.59 0.00114901
2487.62 0.00115208
2487.66 0.00115528
2487.7 0.00115859
2487.73 0.00116199
2487.77 0.00116543
2487.8 0.00116889
2487.84 0.00117234
2487.87 0.00117573
2487.91 0.001179
2487.94 0.0011821
2487.98 0.00118497
2488.01 0.00118753
2488.05 0.00118975
2488.08 0.00119157
2488.12 0.00119301
2488.15 0.00119408
2488.19 0.00119483
2488.22 0.00119536
2488.26 0.00119578
2488.29 0.00119621
2488.33 0.00119678
2488.36 0.00119763
2488.39 0.00119885
2488.43 0.00120053
2488.47 0.00120272
2488.5 0.00120544
2488.54 0.00120867
2488.57 0.00121237
2488.61 0.00121646
2488.64 0.00122085
2488.68 0.00122544
2488.71 0.00123011
2488.75 0.00123474
2488.78 0.00123923
2488.82 0.00124348
2488.85 0.0012474
2488.89 0.00125092
2488.92 0.00125399
2488.96 0.00125655
2488.99 0.0012586
2489.03 0.00126011
2489.06 0.00126111
2489.1 0.0012616
2489.13 0.00126165
2489.16 0.00126131
2489.2 0.00126067
2489.24 0.00125982
2489.27 0.00125885
2489.31 0.00125786
2489.34 0.00125693
2489.38 0.00125611
2489.41 0.00125542
2489.45 0.00125489
2489.48 0.00125447
2489.52 0.00125413
2489.55 0.0012538
2489.59 0.00125342
2489.62 0.00125291
2489.66 0.00125222
2489.69 0.00125133
2489.73 0.00125021
2489.76 0.0012489
2489.8 0.00124745
2489.83 0.00124594
2489.87 0.00124446
2489.9 0.00124312
2489.94 0.00124201
2489.97 0.00124124
2490.01 0.00124084
2490.04 0.00124087
2490.08 0.00124129
2490.11 0.00124205
2490.14 0.00124306
2490.18 0.00124418
2490.22 0.00124528
2490.25 0.00124619
2490.29 0.00124676
2490.32 0.00124686
2490.36 0.0012464
2490.39 0.00124533
2490.43 0.00124364
2490.46 0.00124136
2490.5 0.00123858
2490.53 0.0012354
2490.57 0.00123194
2490.6 0.00122833
2490.64 0.0012247
2490.67 0.00122115
2490.71 0.00121777
2490.74 0.00121461
2490.78 0.00121172
2490.81 0.00120911
2490.85 0.00120678
2490.88 0.00120471
2490.91 0.0012029
2490.95 0.00120131
2490.99 0.00119993
2491.02 0.00119873
2491.06 0.0011977
2491.09 0.00119681
2491.12 0.00119603
2491.16 0.00119533
2491.2 0.00119469
2491.23 0.00119407
2491.27 0.00119345
2491.3 0.00119279
2491.34 0.00119209
2491.37 0.00119133
2491.41 0.00119051
2491.44 0.00118964
2491.48 0.00118873
2491.51 0.00118779
2491.55 0.00118685
2491.58 0.00118592
2491.62 0.00118502
2491.65 0.00118415
2491.69 0.00118333
2491.72 0.00118258
2491.76 0.00118191
2491.79 0.00118134
2491.83 0.00118091
2491.86 0.00118064
2491.89 0.00118055
2491.93 0.00118064
2491.97 0.00118092
2492 0.00118135
2492.04 0.0011819
2492.07 0.0011825
2492.11 0.00118308
2492.14 0.00118357
2492.18 0.00118388
2492.21 0.00118395
2492.25 0.00118373
2492.28 0.00118319
2492.32 0.00118232
2492.35 0.00118112
2492.39 0.00117963
2492.42 0.00117789
2492.46 0.00117595
2492.49 0.00117389
2492.53 0.00117176
2492.56 0.00116964
2492.6 0.00116759
2492.63 0.00116569
2492.66 0.00116399
2492.7 0.00116251
2492.74 0.0011613
2492.77 0.00116034
2492.81 0.00115963
2492.84 0.00115915
2492.88 0.00115886
2492.91 0.00115873
2492.95 0.00115872
2492.98 0.00115881
2493.02 0.00115897
2493.05 0.00115919
2493.09 0.00115946
2493.12 0.00115979
2493.16 0.00116018
2493.19 0.00116062
2493.23 0.0011611
2493.26 0.00116161
2493.3 0.00116214
2493.33 0.00116265
2493.37 0.00116312
2493.4 0.00116353
2493.44 0.00116387
2493.47 0.00116413
2493.51 0.00116433
2493.54 0.00116449
2493.58 0.00116463
2493.61 0.0011648
2493.64 0.00116503
2493.68 0.00116537
2493.72 0.00116584
2493.75 0.00116647
2493.79 0.00116725
2493.82 0.00116818
2493.86 0.00116923
2493.89 0.00117035
2493.93 0.00117151
2493.96 0.00117264
2494 0.00117371
2494.03 0.00117467
2494.07 0.00117548
2494.1 0.00117614
2494.14 0.00117663
2494.17 0.00117696
2494.21 0.00117715
2494.24 0.0011772
2494.28 0.00117716
2494.31 0.00117701
2494.35 0.00117679
2494.38 0.00117648
2494.41 0.00117608
2494.45 0.0011756
2494.49 0.00117503
2494.52 0.00117435
2494.56 0.00117358
2494.59 0.0011727
2494.62 0.00117172
2494.66 0.00117064
2494.7 0.00116946
2494.73 0.00116819
2494.77 0.00116681
2494.8 0.00116534
2494.84 0.00116375
2494.87 0.00116205
2494.91 0.00116025
2494.94 0.00115835
2494.98 0.00115636
2495.01 0.00115433
2495.05 0.00115225
2495.08 0.00115017
2495.12 0.00114812
2495.15 0.00114611
2495.19 0.00114417
2495.22 0.00114231
2495.26 0.00114056
2495.29 0.00113893
2495.33 0.00113743
2495.36 0.00113607
2495.39 0.00113486
2495.43 0.0011338
2495.47 0.0011329
2495.5 0.00113214
2495.54 0.00113151
2495.57 0.001131
2495.61 0.00113056
2495.64 0.00113019
2495.68 0.00112987
2495.71 0.00112958
2495.75 0.00112933
2495.78 0.0011291
2495.82 0.00112893
2495.85 0.00112882
2495.89 0.00112879
2495.92 0.00112886
2495.96 0.00112905
2495.99 0.00112936
2496.03 0.00112979
2496.06 0.00113033
2496.1 0.00113096
2496.13 0.00113167
2496.16 0.00113245
2496.2 0.00113326
2496.24 0.00113411
2496.27 0.00113496
2496.31 0.00113583
2496.34 0.00113669
2496.38 0.00113756
2496.41 0.00113842
2496.45 0.00113927
2496.48 0.0011401
2496.52 0.0011409
2496.55 0.00114166
2496.59 0.00114234
2496.62 0.00114294
2496.66 0.00114342
2496.69 0.00114376
2496.73 0.00114394
2496.76 0.00114394
2496.8 0.00114374
2496.83 0.00114334
2496.87 0.00114272
2496.9 0.00114188
2496.94 0.0011408
2496.97 0.00113949
2497.01 0.00113794
2497.04 0.00113615
2497.08 0.00113413
2497.11 0.00113189
2497.14 0.00112948
2497.18 0.00112692
2497.22 0.00112428
2497.25 0.00112162
2497.29 0.001119
2497.32 0.00111649
2497.36 0.00111416
2497.39 0.00111207
2497.43 0.00111026
2497.46 0.00110876
2497.5 0.00110759
2497.53 0.00110674
2497.57 0.00110622
2497.6 0.00110601
2497.64 0.00110607
2497.67 0.00110637
2497.71 0.00110688
2497.74 0.00110754
2497.78 0.00110829
2497.81 0.00110908
2497.85 0.00110985
2497.88 0.00111052
2497.91 0.00111106
2497.95 0.00111143
2497.99 0.00111161
2498.02 0.00111161
2498.06 0.00111147
2498.09 0.00111123
2498.12 0.00111095
2498.16 0.00111071
2498.2 0.00111056
2498.23 0.00111055
2498.27 0.00111071
