2463.3 3.65009e-271
2463.34 1.64908e-268
2463.37 7.22571e-266
2463.41 3.07057e-263
2463.44 1.26549e-260
2463.48 5.0582e-258
2463.51 1.9608e-255
2463.55 7.37178e-253
2463.58 2.68788e-250
2463.62 9.50492e-248
2463.65 3.25977e-245
2463.69 1.08424e-242
2463.72 3.49754e-240
2463.76 1.09421e-237
2463.79 3.32e-235
2463.83 9.76958e-233
2463.86 2.78813e-230
2463.89 7.71704e-228
2463.93 2.07152e-225
2463.97 5.39294e-223
2464 1.36164e-220
2464.04 3.33427e-218
2464.07 7.91841e-216
2464.11 1.82379e-213
2464.14 4.07392e-211
2464.18 8.8257e-209
2464.21 1.85433e-206
2464.25 3.77853e-204
2464.28 7.46724e-202
2464.32 1.43119e-199
2464.35 2.66032e-197
2464.39 4.7959e-195
2464.42 8.38507e-193
2464.46 1.42182e-190
2464.49 2.33819e-188
2464.53 3.7292e-186
2464.56 5.76836e-184
2464.6 8.65344e-182
2464.63 1.259e-179
2464.66 1.77648e-177
2464.7 2.43107e-175
2464.74 3.22651e-173
2464.77 4.15307e-171
2464.81 5.18448e-169
2464.84 6.27684e-167
2464.88 7.37016e-165
2464.91 8.39291e-163
2464.95 9.26933e-161
2464.98 9.92851e-159
2465.02 1.03138e-156
2465.05 1.03909e-154
2465.09 1.01529e-152
2465.12 9.62113e-151
2465.16 8.84222e-149
2465.19 7.88128e-147
2465.23 6.8129e-145
2465.26 5.71172e-143
2465.3 4.64411e-141
2465.33 3.66216e-139
2465.37 2.80074e-137
2465.4 2.07734e-135
2465.44 1.49431e-133
2465.47 1.0425e-131
2465.51 7.05361e-130
2465.54 4.62856e-128
2465.58 2.94565e-126
2465.61 1.81809e-124
2465.64 1.0883e-122
2465.68 6.31807e-121
2465.72 3.55729e-119
2465.75 1.94246e-117
2465.79 1.0287e-115
2465.82 5.2835e-114
2465.86 2.63182e-112
2465.89 1.27142e-110
2465.93 5.95695e-109
2465.96 2.70681e-107
2466 1.19287e-105
2466.03 5.09831e-104
2466.07 2.11329e-102
2466.1 8.49559e-101
2466.14 3.31228e-99
2466.17 1.25245e-97
2466.21 4.59298e-96
2466.24 1.63353e-94
2466.28 5.63458e-93
2466.31 1.88493e-91
2466.35 6.11545e-90
2466.38 1.92425e-88
2466.41 5.87213e-87
2466.45 1.73792e-85
2466.49 4.98841e-84
2466.52 1.38866e-82
2466.56 3.74911e-81
2466.59 9.8166e-80
2466.62 2.49284e-78
2466.66 6.13942e-77
2466.7 1.46643e-75
2466.73 3.39698e-74
2466.77 7.63178e-73
2466.8 1.66287e-71
2466.84 3.51391e-70
2466.87 7.20151e-69
2466.91 1.43138e-67
2466.94 2.75924e-66
2466.98 5.15848e-65
2467.01 9.35306e-64
2467.05 1.6447e-62
2467.08 2.80491e-61
2467.12 4.63928e-60
2467.15 7.44189e-59
2467.19 1.15775e-57
2467.22 1.74682e-56
2467.26 2.55611e-55
2467.29 3.62754e-54
2467.33 4.99279e-53
2467.36 6.66462e-52
2467.39 8.62795e-51
2467.43 1.08328e-49
2467.47 1.31908e-48
2467.5 1.55777e-47
2467.54 1.78416e-46
2467.57 1.98183e-45
2467.61 2.135e-44
2467.64 2.23064e-43
2467.68 2.26027e-42
2467.71 2.22122e-41
2467.75 2.11702e-40
2467.78 1.95684e-39
2467.82 1.75423e-38
2467.85 1.52517e-37
2467.89 1.28602e-36
2467.92 1.05167e-35
2467.96 8.34087e-35
2467.99 6.41568e-34
2468.03 4.78601e-33
2468.06 3.46262e-32
2468.1 2.42961e-31
2468.13 1.65336e-30
2468.16 1.09118e-29
2468.2 6.98439e-29
2468.24 4.3357e-28
2468.27 2.6103e-27
2468.31 1.52413e-26
2468.34 8.63082e-26
2468.38 4.74005e-25
2468.41 2.52472e-24
2468.45 1.3042e-23
2468.48 6.53394e-23
2468.52 3.17472e-22
2468.55 1.49602e-21
2468.59 6.83703e-21
2468.62 3.03039e-20
2468.66 1.30266e-19
2468.69 5.43077e-19
2468.73 2.1958e-18
2468.76 8.61044e-18
2468.8 3.2746e-17
2468.83 1.20779e-16
2468.87 4.32041e-16
2468.9 1.49886e-15
2468.94 5.04309e-15
2468.97 1.64564e-14
2469.01 5.20804e-14
2469.04 1.59852e-13
2469.08 4.75842e-13
2469.11 1.37377e-12
2469.14 3.84653e-12
2469.18 1.04456e-11
2469.22 2.75108e-11
2469.25 7.02724e-11
2469.29 1.74093e-10
2469.32 4.18306e-10
2469.36 9.74834e-10
2469.39 2.20341e-09
2469.43 4.83054e-09
2469.46 1.02717e-08
2469.5 2.11858e-08
2469.53 4.23859e-08
2469.57 8.22602e-08
2469.6 1.54873e-07
2469.64 2.82884e-07
2469.67 5.01337e-07
2469.71 8.62158e-07
2469.74 1.43894e-06
2469.78 2.3312e-06
2469.81 3.66685e-06
2469.85 5.60157e-06
2469.88 8.31357e-06
2469.91 1.19928e-05
2469.95 1.68252e-05
2469.99 2.29726e-05
2470.02 3.05527e-05
2470.06 3.96235e-05
2470.09 5.01758e-05
2470.12 6.21413e-05
2470.16 7.54151e-05
2470.2 8.98959e-05
2470.23 0.000105538
2470.27 0.000122407
2470.3 0.000140742
2470.34 0.000160992
2470.37 0.000183848
2470.41 0.000210238
2470.44 0.000241281
2470.48 0.000278197
2470.51 0.000322172
2470.55 0.000374166
2470.58 0.000434706
2470.62 0.000503674
2470.65 0.000580162
2470.69 0.000662413
2470.72 0.000747921
2470.76 0.000833666
2470.79 0.000916483
2470.83 0.000993474
2470.86 0.00106238
2470.89 0.00112182
2470.93 0.0011713
2470.97 0.00121105
2471 0.00124163
2471.04 0.00126359
2471.07 0.00127708
2471.11 0.00128172
2471.14 0.00127672
2471.18 0.0012612
2471.21 0.0012346
2471.25 0.00119727
2471.28 0.00115075
2471.32 0.00109796
2471.35 0.00104308
2471.39 0.000991153
2471.42 0.000947514
2471.46 0.00091719
2471.49 0.000904301
2471.53 0.000911647
2471.56 0.000940516
2471.6 0.000990764
2471.63 0.00106112
2471.66 0.00114966
2471.7 0.00125438
2471.74 0.00137366
2471.77 0.00150664
2471.81 0.00165323
2471.84 0.00181396
2471.88 0.00198945
2471.91 0.00217982
2471.95 0.00238406
2471.98 0.00259964
2472.02 0.00282248
2472.05 0.00304739
2472.09 0.00326892
2472.12 0.00348249
2472.16 0.00368563
2472.19 0.00387882
2472.23 0.00406584
2472.26 0.00425339
2472.3 0.00444984
2472.33 0.00466352
2472.37 0.00490059
2472.4 0.00516323
2472.44 0.0054482
2472.47 0.00574648
2472.51 0.00604371
2472.54 0.00632169
2472.58 0.00656049
2472.61 0.00674071
2472.64 0.00684577
2472.68 0.00686356
2472.72 0.00678749
2472.75 0.00661685
2472.79 0.00635651
2472.82 0.00601622
2472.86 0.00560973
2472.89 0.00515371
2472.93 0.00466676
2472.96 0.00416837
2473 0.00367785
2473.03 0.0032133
2473.07 0.00279057
2473.1 0.00242226
2473.14 0.00211698
2473.17 0.00187887
2473.21 0.00170749
2473.24 0.00159813
2473.28 0.00154251
2473.31 0.00152981
2473.35 0.0015479
2473.38 0.00158468
2473.41 0.00162931
2473.45 0.0016733
2473.49 0.00171114
2473.52 0.0017406
2473.56 0.0017625
2473.59 0.00178
2473.62 0.00179765
2473.66 0.00182019
2473.7 0.00185144
2473.73 0.00189335
2473.77 0.00194551
2473.8 0.002005
2473.84 0.00206676
2473.87 0.0021242
2473.91 0.00217012
2473.94 0.00219765
2473.98 0.00220108
2474.01 0.00217659
2474.05 0.00212269
2474.08 0.00204041
2474.12 0.00193322
2474.15 0.00180675
2474.19 0.00166827
2474.22 0.00152609
2474.26 0.00138875
2474.29 0.00126434
2474.33 0.00115974
2474.36 0.00107999
2474.39 0.00102784
2474.43 0.00100354
2474.47 0.00100484
2474.5 0.00102728
2474.54 0.00106471
2474.57 0.00111006
2474.61 0.00115611
2474.64 0.00119634
2474.68 0.00122559
2474.71 0.00124049
2474.75 0.00123965
2474.78 0.00122349
2474.82 0.0011939
2474.85 0.00115366
2474.89 0.00110591
2474.92 0.00105367
2474.96 0.000999485
2474.99 0.00094526
2475.03 0.00089226
2475.06 0.000841227
2475.1 0.000792554
2475.13 0.000746456
2475.16 0.000703106
2475.2 0.000662707
2475.24 0.000625506
2475.27 0.000591769
2475.31 0.000561733
2475.34 0.000535551
2475.38 0.000513265
2475.41 0.000494785
2475.45 0.000479896
2475.48 0.000468286
2475.52 0.000459575
2475.55 0.000453358
2475.59 0.000449232
2475.62 0.000446826
2475.66 0.000445809
2475.69 0.000445894
2475.73 0.000446826
2475.76 0.000448371
2475.8 0.000450297
2475.83 0.000452372
2475.87 0.000454361
2475.9 0.000456038
2475.94 0.000457204
2475.97 0.000457717
2476.01 0.00045751
2476.04 0.000456613
2476.08 0.000455163
2476.11 0.000453396
2476.14 0.000451635
2476.18 0.000450264
2476.22 0.000449692
2476.25 0.000450322
2476.29 0.000452514
2476.32 0.000456557
2476.36 0.000462642
2476.39 0.000470851
2476.43 0.000481148
2476.46 0.000493389
2476.5 0.000507329
2476.53 0.000522652
2476.57 0.000538995
2476.6 0.00055598
2476.64 0.000573248
2476.67 0.00059048
2476.71 0.000607416
2476.74 0.000623862
2476.78 0.000639688
2476.81 0.000654811
2476.85 0.000669178
2476.88 0.000682753
2476.91 0.000695499
2476.95 0.000707375
2476.99 0.000718343
2477.02 0.00072838
2477.06 0.000737499
2477.09 0.000745761
2477.12 0.000753287
2477.16 0.000760255
2477.2 0.000766887
2477.23 0.00077342
2477.27 0.000780081
2477.3 0.000787054
2477.34 0.000794462
2477.37 0.000802357
2477.41 0.000810724
2477.44 0.000819499
2477.48 0.000828592
2477.51 0.000837913
2477.55 0.000847391
2477.58 0.000856992
2477.62 0.000866716
2477.65 0.0008766
2477.69 0.000886703
2477.72 0.000897092
2477.76 0.000907828
2477.79 0.000918952
2477.83 0.000930474
2477.86 0.000942362
2477.89 0.000954543
2477.93 0.000966894
2477.97 0.000979251
2478 0.000991414
2478.04 0.00100315
2478.07 0.00101423
2478.11 0.00102441
2478.14 0.00103348
2478.18 0.00104129
2478.21 0.00104773
2478.25 0.00105277
2478.28 0.00105646
2478.32 0.00105892
2478.35 0.00106032
2478.39 0.00106088
2478.42 0.0010608
2478.46 0.00106028
2478.49 0.00105946
2478.53 0.00105842
2478.56 0.00105717
2478.6 0.00105567
2478.63 0.00105383
2478.66 0.00105154
2478.7 0.0010487
2478.74 0.00104526
2478.77 0.00104123
2478.81 0.00103668
2478.84 0.00103179
2478.88 0.00102678
2478.91 0.00102197
2478.95 0.00101767
2478.98 0.00101422
2479.02 0.00101192
2479.05 0.001011
2479.09 0.00101162
2479.12 0.00101382
2479.16 0.00101755
2479.19 0.00102266
2479.23 0.00102894
2479.26 0.00103611
2479.3 0.00104392
2479.33 0.00105208
2479.37 0.00106037
2479.4 0.00106861
2479.44 0.00107665
2479.47 0.00108441
2479.51 0.00109183
2479.54 0.00109887
2479.58 0.00110551
2479.61 0.00111173
2479.64 0.00111751
2479.68 0.00112284
2479.72 0.00112769
2479.75 0.00113206
2479.79 0.00113593
2479.82 0.0011393
2479.86 0.00114217
2479.89 0.00114453
2479.93 0.00114636
2479.96 0.00114764
2480 0.00114835
2480.03 0.00114846
2480.07 0.00114796
2480.1 0.00114689
2480.14 0.00114529
2480.17 0.00114329
2480.21 0.00114104
2480.24 0.00113874
2480.28 0.00113659
2480.31 0.00113479
2480.35 0.00113347
2480.38 0.00113273
2480.41 0.00113258
2480.45 0.00113298
2480.49 0.0011338
2480.52 0.0011349
2480.56 0.00113612
2480.59 0.00113734
2480.62 0.00113843
2480.66 0.00113934
2480.7 0.00114003
2480.73 0.00114054
2480.77 0.00114086
2480.8 0.00114104
2480.84 0.00114108
2480.87 0.00114098
2480.91 0.00114072
2480.94 0.00114027
2480.98 0.00113958
2481.01 0.00113864
2481.05 0.00113744
2481.08 0.00113599
2481.12 0.00113433
2481.15 0.00113246
2481.19 0.00113042
2481.22 0.0011282
2481.26 0.00112574
2481.29 0.00112301
2481.33 0.0011199
2481.36 0.00111633
2481.39 0.00111223
2481.43 0.00110756
2481.47 0.00110235
2481.5 0.00109664
2481.54 0.00109055
2481.57 0.00108425
2481.61 0.00107788
2481.64 0.00107161
2481.68 0.00106556
2481.71 0.00105981
2481.75 0.00105439
2481.78 0.00104927
2481.82 0.00104438
2481.85 0.00103964
2481.89 0.00103495
2481.92 0.00103026
2481.96 0.00102553
2481.99 0.00102078
2482.03 0.0010161
2482.06 0.00101158
2482.1 0.00100736
2482.13 0.00100358
2482.16 0.00100037
2482.2 0.000997831
2482.24 0.000996018
2482.27 0.000994939
2482.31 0.000994552
2482.34 0.000994773
2482.38 0.000995482
2482.41 0.00099654
2482.45 0.000997797
2482.48 0.000999113
2482.52 0.00100036
2482.55 0.00100144
2482.59 0.0010023
2482.62 0.00100288
2482.66 0.00100321
2482.69 0.0010033
2482.73 0.00100322
2482.76 0.00100304
2482.8 0.00100284
2482.83 0.00100269
2482.87 0.00100266
2482.9 0.00100277
2482.94 0.00100301
2482.97 0.00100336
2483.01 0.00100375
2483.04 0.00100406
2483.08 0.00100419
2483.11 0.00100403
2483.14 0.00100349
2483.18 0.00100252
2483.22 0.00100112
2483.25 0.000999336
2483.29 0.000997273
2483.32 0.000995082
2483.36 0.000992941
2483.39 0.000991044
2483.43 0.000989579
2483.46 0.000988712
2483.5 0.00098857
2483.53 0.000989234
2483.57 0.000990733
2483.6 0.000993042
2483.64 0.000996086
2483.67 0.000999753
2483.71 0.0010039
2483.74 0.00100837
2483.78 0.00101301
2483.81 0.00101765
2483.85 0.00102218
2483.88 0.00102646
2483.91 0.00103041
2483.95 0.00103396
2483.99 0.00103706
2484.02 0.00103967
2484.06 0.00104179
2484.09 0.0010434
2484.12 0.00104451
2484.16 0.00104515
2484.2 0.00104535
2484.23 0.00104518
2484.27 0.00104472
2484.3 0.00104408
2484.34 0.00104339
2484.37 0.0010428
2484.41 0.00104247
2484.44 0.00104254
2484.48 0.00104314
2484.51 0.00104433
2484.55 0.00104616
2484.58 0.00104858
2484.62 0.00105151
2484.65 0.00105479
2484.69 0.00105826
2484.72 0.00106172
2484.76 0.00106496
2484.79 0.00106785
2484.83 0.00107025
2484.86 0.00107213
2484.89 0.00107349
2484.93 0.0010744
2484.97 0.00107499
2485 0.00107542
2485.04 0.00107588
2485.07 0.00107653
2485.11 0.00107754
2485.14 0.00107902
2485.18 0.00108105
2485.21 0.00108365
2485.25 0.00108675
2485.28 0.00109028
2485.32 0.00109408
2485.35 0.001098
2485.39 0.00110185
2485.42 0.00110547
2485.46 0.00110871
2485.49 0.00111144
2485.53 0.00111358
2485.56 0.00111507
2485.6 0.00111592
2485.63 0.00111613
2485.66 0.00111577
2485.7 0.00111492
2485.74 0.00111368
2485.77 0.00111218
2485.81 0.00111056
2485.84 0.00110895
2485.88 0.00110751
2485.91 0.00110636
2485.95 0.00110563
2485.98 0.00110539
2486.02 0.00110573
2486.05 0.00110665
2486.09 0.00110818
2486.12 0.00111027
2486.16 0.00111288
2486.19 0.00111594
2486.23 0.00111939
2486.26 0.00112314
2486.3 0.00112711
2486.33 0.00113125
2486.37 0.00113548
2486.4 0.00113974
2486.44 0.00114401
2486.47 0.00114826
2486.51 0.00115247
2486.54 0.00115663
2486.58 0.00116074
2486.61 0.00116477
2486.64 0.00116871
2486.68 0.00117251
2486.72 0.00117611
2486.75 0.00117946
2486.79 0.00118249
2486.82 0.00118515
2486.86 0.00118743
2486.89 0.00118935
2486.93 0.00119095
2486.96 0.00119233
2487 0.00119362
2487.03 0.00119495
2487.07 0.00119647
2487.1 0.0011983
2487.14 0.00120054
2487.17 0.00120326
2487.21 0.00120651
2487.24 0.00121028
2487.28 0.00121454
2487.31 0.00121925
2487.35 0.0012243
2487.38 0.00122961
2487.41 0.00123505
2487.45 0.00124051
2487.49 0.00124587
2487.52 0.00125102
2487.56 0.00125586
2487.59 0.00126031
2487.62 0.0012643
2487.66 0.00126781
2487.7 0.00127079
2487.73 0.00127323
2487.77 0.00127513
2487.8 0.00127647
2487.84 0.00127728
2487.87 0.00127756
2487.91 0.00127735
2487.94 0.00127672
2487.98 0.00127574
2488.01 0.0012745
2488.05 0.00127311
2488.08 0.0012717
2488.12 0.00127039
2488.15 0.0012693
2488.19 0.00126851
2488.22 0.0012681
2488.26 0.00126812
2488.29 0.0012686
2488.33 0.00126952
2488.36 0.00127084
2488.39 0.00127251
2488.43 0.00127443
2488.47 0.00127653
2488.5 0.00127868
2488.54 0.00128081
2488.57 0.00128281
2488.61 0.00128462
2488.64 0.00128621
2488.68 0.00128754
2488.71 0.00128863
2488.75 0.00128951
2488.78 0.0012902
2488.82 0.00129073
2488.85 0.00129113
2488.89 0.00129137
2488.92 0.00129141
2488.96 0.00129119
2488.99 0.00129062
2489.03 0.00128959
2489.06 0.00128802
2489.1 0.00128584
2489.13 0.00128304
2489.16 0.00127964
2489.2 0.0012757
2489.24 0.00127135
2489.27 0.00126671
2489.31 0.00126196
2489.34 0.00125724
2489.38 0.0012527
2489.41 0.00124845
2489.45 0.00124454
2489.48 0.001241
2489.52 0.00123783
2489.55 0.00123496
2489.59 0.00123233
2489.62 0.00122985
2489.66 0.00122745
2489.69 0.00122507
2489.73 0.00122266
2489.76 0.00122024
2489.8 0.00121783
2489.83 0.0012155
2489.87 0.00121334
2489.9 0.00121147
2489.94 0.00120997
2489.97 0.00120892
2490.01 0.00120837
2490.04 0.0012083
2490.08 0.00120867
2490.11 0.00120939
2490.14 0.00121034
2490.18 0.00121139
2490.22 0.00121242
2490.25 0.00121334
2490.29 0.00121409
2490.32 0.00121465
2490.36 0.00121505
2490.39 0.00121532
2490.43 0.00121553
2490.46 0.00121575
2490.5 0.00121604
2490.53 0.00121644
2490.57 0.00121696
2490.6 0.00121762
2490.64 0.00121838
2490.67 0.00121919
2490.71 0.00121999
2490.74 0.00122072
2490.78 0.0012213
2490.81 0.00122167
2490.85 0.0012218
2490.88 0.00122166
2490.91 0.00122127
2490.95 0.00122066
2490.99 0.0012199
2491.02 0.00121908
2491.06 0.00121831
2491.09 0.00121769
2491.12 0.00121735
2491.16 0.00121736
2491.2 0.00121781
2491.23 0.00121874
2491.27 0.00122014
2491.3 0.00122199
2491.34 0.00122421
2491.37 0.00122669
2491.41 0.00122929
2491.44 0.00123186
2491.48 0.00123421
2491.51 0.00123616
2491.55 0.00123754
2491.58 0.0012382
2491.62 0.00123799
2491.65 0.00123685
2491.69 0.00123472
2491.72 0.00123163
2491.76 0.00122763
2491.79 0.00122286
2491.83 0.00121748
2491.86 0.00121167
2491.89 0.00120565
2491.93 0.00119962
2491.97 0.00119375
2492 0.0011882
2492.04 0.00118306
2492.07 0.00117839
2492.11 0.0011742
2492.14 0.00117046
2492.18 0.00116712
2492.21 0.00116414
2492.25 0.00116145
2492.28 0.00115901
2492.32 0.00115681
2492.35 0.00115482
2492.39 0.00115307
2492.42 0.00115156
2492.46 0.00115029
2492.49 0.00114929
2492.53 0.00114852
2492.56 0.00114797
2492.6 0.00114759
2492.63 0.00114733
2492.66 0.00114712
2492.7 0.0011469
2492.74 0.00114664
2492.77 0.00114629
2492.81 0.00114584
2492.84 0.00114532
2492.88 0.00114475
2492.91 0.0011442
2492.95 0.00114373
2492.98 0.00114341
2493.02 0.0011433
2493.05 0.00114342
2493.09 0.0011438
2493.12 0.00114443
2493.16 0.00114525
2493.19 0.0011462
2493.23 0.00114722
2493.26 0.00114823
2493.3 0.00114914
2493.33 0.00114991
2493.37 0.0011505
2493.4 0.00115089
2493.44 0.00115111
2493.47 0.00115117
2493.51 0.00115114
2493.54 0.00115108
2493.58 0.00115103
2493.61 0.00115106
2493.64 0.00115122
2493.68 0.00115154
2493.72 0.00115204
2493.75 0.00115273
2493.79 0.00115358
2493.82 0.00115457
2493.86 0.00115563
2493.89 0.00115671
2493.93 0.00115772
2493.96 0.00115857
2494 0.0011592
2494.03 0.00115951
2494.07 0.00115945
2494.1 0.00115896
2494.14 0.00115804
2494.17 0.00115667
2494.21 0.00115488
2494.24 0.00115271
2494.28 0.00115021
2494.31 0.00114747
2494.35 0.00114453
2494.38 0.00114147
2494.41 0.00113836
2494.45 0.00113523
2494.49 0.00113213
2494.52 0.00112908
2494.56 0.00112609
2494.59 0.00112316
2494.62 0.0011203
2494.66 0.00111748
2494.7 0.0011147
2494.73 0.00111196
2494.77 0.00110924
2494.8 0.00110657
2494.84 0.00110396
2494.87 0.00110142
2494.91 0.00109897
2494.94 0.00109662
2494.98 0.00109438
2495.01 0.00109221
2495.05 0.0010901
2495.08 0.00108799
2495.12 0.00108585
2495.15 0.00108361
2495.19 0.00108123
2495.22 0.0010787
2495.26 0.001076
2495.29 0.00107317
2495.33 0.00107026
2495.36 0.00106734
2495.39 0.00106453
2495.43 0.00106192
2495.47 0.00105962
2495.5 0.00105773
2495.54 0.00105632
2495.57 0.00105542
2495.61 0.00105504
2495.64 0.00105513
2495.68 0.00105563
2495.71 0.00105644
2495.75 0.00105745
2495.78 0.00105857
2495.82 0.00105969
2495.85 0.00106075
2495.89 0.0010617
2495.92 0.00106253
2495.96 0.00106326
2495.99 0.00106395
2496.03 0.00106466
2496.06 0.00106546
2496.1 0.00106641
2496.13 0.00106757
2496.16 0.00106896
2496.2 0.00107058
2496.24 0.00107243
2496.27 0.00107446
2496.31 0.00107661
2496.34 0.00107882
2496.38 0.00108101
2496.41 0.00108311
2496.45 0.00108505
2496.48 0.00108676
2496.52 0.00108821
2496.55 0.00108934
2496.59 0.00109015
2496.62 0.00109063
2496.66 0.00109079
2496.69 0.00109066
2496.73 0.00109029
2496.76 0.00108974
2496.8 0.00108906
2496.83 0.00108832
2496.87 0.00108757
2496.9 0.00108687
2496.94 0.00108627
2496.97 0.0010858
2497.01 0.00108548
2497.04 0.00108534
2497.08 0.00108539
2497.11 0.00108562
2497.14 0.00108602
2497.18 0.00108656
2497.22 0.00108721
2497.25 0.00108794
2497.29 0.00108871
2497.32 0.00108948
2497.36 0.00109025
2497.39 0.00109101
2497.43 0.00109178
2497.46 0.0010926
2497.5 0.00109352
2497.53 0.00109462
2497.57 0.00109595
2497.6 0.00109759
2497.64 0.00109956
2497.67 0.00110189
2497.71 0.00110457
2497.74 0.00110757
2497.78 0.00111081
2497.81 0.00111421
2497.85 0.00111768
2497.88 0.00112109
2497.91 0.00112432
2497.95 0.00112726
2497.99 0.00112981
2498.02 0.00113188
2498.06 0.0011334
2498.09 0.00113435
2498.12 0.00113471
2498.16 0.00113451
2498.2 0.00113381
2498.23 0.00113267
2498.27 0.00113119
