2463.3 0
2463.34 0
2463.37 0
2463.41 0
2463.44 0
2463.48 0
2463.51 0
2463.55 0
2463.58 0
2463.62 0
2463.65 0
2463.69 0
2463.72 0
2463.76 0
2463.79 0
2463.83 0
2463.86 0
2463.89 0
2463.93 0
2463.97 0
2464 0
2464.04 0
2464.07 0
2464.11 0
2464.14 0
2464.18 0
2464.21 0
2464.25 0
2464.28 0
2464.32 0
2464.35 0
2464.39 0
2464.42 0
2464.46 0
2464.49 0
2464.53 0
2464.56 0
2464.6 0
2464.63 0
2464.66 0
2464.7 4.26682e-305
2464.74 2.83459e-302
2464.77 1.82632e-299
2464.81 1.14121e-296
2464.84 6.91594e-294
2464.88 4.0648e-291
2464.91 2.31701e-288
2464.95 1.2809e-285
2464.98 6.86761e-283
2465.02 3.57104e-280
2465.05 1.80088e-277
2465.09 8.80797e-275
2465.12 4.17798e-272
2465.16 1.92202e-269
2465.19 8.57531e-267
2465.23 3.71058e-264
2465.26 1.55716e-261
2465.3 6.33764e-259
2465.33 2.50162e-256
2465.37 9.57669e-254
2465.4 3.55557e-251
2465.44 1.28028e-248
2465.47 4.47095e-246
2465.51 1.51424e-243
2465.54 4.97384e-241
2465.58 1.58449e-238
2465.61 4.89537e-236
2465.64 1.46684e-233
2465.68 4.26267e-231
2465.72 1.20138e-228
2465.75 3.28382e-226
2465.79 8.70519e-224
2465.82 2.23809e-221
2465.86 5.58057e-219
2465.89 1.34952e-216
2465.93 3.16505e-214
2465.96 7.19917e-212
2466 1.58812e-209
2466.03 3.39771e-207
2466.07 7.05001e-205
2466.1 1.41871e-202
2466.14 2.76884e-200
2466.17 5.24085e-198
2466.21 9.6207e-196
2466.24 1.71282e-193
2466.28 2.95745e-191
2466.31 4.9525e-189
2466.35 8.04324e-187
2466.38 1.26689e-184
2466.41 1.93529e-182
2466.45 2.86717e-180
2466.49 4.11967e-178
2466.52 5.74079e-176
2466.56 7.75856e-174
2466.59 1.01693e-171
2466.62 1.29271e-169
2466.66 1.59372e-167
2466.7 1.90556e-165
2466.73 2.20971e-163
2466.77 2.48512e-161
2466.8 2.71057e-159
2466.84 2.8673e-157
2466.87 2.94163e-155
2466.91 2.92686e-153
2466.94 2.82434e-151
2466.98 2.64321e-149
2467.01 2.39909e-147
2467.05 2.11185e-145
2467.08 1.80294e-143
2467.12 1.49278e-141
2467.15 1.19871e-139
2467.19 9.3354e-138
2467.22 7.05101e-136
2467.26 5.165e-134
2467.29 3.66936e-132
2467.33 2.52819e-130
2467.36 1.68939e-128
2467.39 1.09484e-126
2467.43 6.88133e-125
2467.47 4.19464e-123
2467.5 2.4798e-121
2467.54 1.4218e-119
2467.57 7.90612e-118
2467.61 4.26371e-116
2467.64 2.23003e-114
2467.68 1.13119e-112
2467.71 5.56496e-111
2467.75 2.65514e-109
2467.78 1.22861e-107
2467.82 5.51367e-106
2467.85 2.39976e-104
2467.89 1.01297e-102
2467.92 4.14691e-101
2467.96 1.64647e-99
2467.99 6.33991e-98
2468.03 2.36763e-96
2468.06 8.57519e-95
2468.1 3.01214e-93
2468.13 1.02614e-91
2468.16 3.39031e-90
2468.2 1.08635e-88
2468.24 3.37602e-87
2468.27 1.01751e-85
2468.31 2.97422e-84
2468.34 8.43156e-83
2468.38 2.31816e-81
2468.41 6.18129e-80
2468.45 1.59851e-78
2468.48 4.00916e-77
2468.52 9.75195e-76
2468.55 2.30054e-74
2468.59 5.26343e-73
2468.62 1.16791e-71
2468.66 2.51333e-70
2468.69 5.24554e-69
2468.73 1.06178e-67
2468.76 2.08437e-66
2468.8 3.96843e-65
2468.83 7.32762e-64
2468.87 1.31222e-62
2468.9 2.27905e-61
2468.94 3.83884e-60
2468.97 6.27116e-59
2469.01 9.93565e-58
2469.04 1.52667e-56
2469.08 2.27508e-55
2469.11 3.28812e-54
2469.14 4.60894e-53
2469.18 6.26549e-52
2469.22 8.26058e-51
2469.25 1.05625e-49
2469.29 1.30986e-48
2469.32 1.57538e-47
2469.36 1.83758e-46
2469.39 2.07879e-45
2469.43 2.28074e-44
2469.46 2.42685e-43
2469.5 2.50445e-42
2469.53 2.50659e-41
2469.57 2.43309e-40
2469.6 2.29053e-39
2469.64 2.0913e-38
2469.67 1.85183e-37
2469.71 1.59033e-36
2469.74 1.32458e-35
2469.78 1.06998e-34
2469.81 8.38255e-34
2469.85 6.36916e-33
2469.88 4.69347e-32
2469.91 3.35438e-31
2469.95 2.32508e-30
2469.99 1.56304e-29
2470.02 1.01909e-28
2470.06 6.4441e-28
2470.09 3.95205e-27
2470.12 2.35069e-26
2470.16 1.35606e-25
2470.2 7.58715e-25
2470.23 4.11712e-24
2470.27 2.16683e-23
2470.3 1.10605e-22
2470.34 5.47579e-22
2470.37 2.62931e-21
2470.41 1.22451e-20
2470.44 5.53112e-20
2470.48 2.42324e-19
2470.51 1.02971e-18
2470.55 4.24399e-18
2470.58 1.6966e-17
2470.62 6.57862e-17
2470.65 2.47427e-16
2470.69 9.02656e-16
2470.72 3.19425e-15
2470.76 1.09647e-14
2470.79 3.651e-14
2470.83 1.17931e-13
2470.86 3.69539e-13
2470.89 1.12336e-12
2470.93 3.31302e-12
2470.97 9.47963e-12
2471 2.63174e-11
2471.04 7.08931e-11
2471.07 1.85311e-10
2471.11 4.70075e-10
2471.14 1.15728e-09
2471.18 2.76538e-09
2471.21 6.41454e-09
2471.25 1.44452e-08
2471.28 3.1586e-08
2471.32 6.70727e-08
2471.35 1.38345e-07
2471.39 2.77228e-07
2471.42 5.39855e-07
2471.46 1.02189e-06
2471.49 1.88089e-06
2471.53 3.3675e-06
2471.56 5.86703e-06
2471.6 9.95171e-06
2471.63 1.64426e-05
2471.66 2.64784e-05
2471.7 4.15846e-05
2471.74 6.37376e-05
2471.77 9.54116e-05
2471.81 0.000139601
2471.84 0.000199807
2471.88 0.000279977
2471.91 0.000384394
2471.95 0.000517502
2471.98 0.000683668
2472.02 0.000886867
2472.05 0.00113031
2472.09 0.001416
2472.12 0.0017443
2472.16 0.0021135
2472.19 0.00251946
2472.23 0.00295552
2472.26 0.00341259
2472.3 0.00387957
2472.33 0.00434413
2472.37 0.0047937
2472.4 0.00521662
2472.44 0.00560322
2472.47 0.00594674
2472.51 0.00624375
2472.54 0.00649416
2472.58 0.0067007
2472.61 0.00686797
2472.64 0.00700132
2472.68 0.00710572
2472.72 0.00718481
2472.75 0.00724034
2472.79 0.00727206
2472.82 0.00727799
2472.86 0.00725504
2472.89 0.00719979
2472.93 0.00710929
2472.96 0.00698182
2473 0.00681745
2473.03 0.00661835
2473.07 0.00638894
2473.1 0.00613581
2473.14 0.00586735
2473.17 0.00559333
2473.21 0.0053242
2473.24 0.0050703
2473.28 0.00484106
2473.31 0.00464414
2473.35 0.00448478
2473.38 0.00436529
2473.41 0.00428492
2473.45 0.00423999
2473.49 0.00422441
2473.52 0.00423035
2473.56 0.00424909
2473.59 0.00427189
2473.62 0.00429072
2473.66 0.00429882
2473.7 0.00429106
2473.73 0.00426408
2473.77 0.00421619
2473.8 0.0041473
2473.84 0.00405861
2473.87 0.00395236
2473.91 0.00383159
2473.94 0.00369981
2473.98 0.00356074
2474.01 0.003418
2474.05 0.00327484
2474.08 0.00313385
2474.12 0.00299675
2474.15 0.0028642
2474.19 0.00273582
2474.22 0.00261028
2474.26 0.00248554
2474.29 0.00235924
2474.33 0.0022291
2474.36 0.00209342
2474.39 0.00195141
2474.43 0.00180339
2474.47 0.00165084
2474.5 0.00149622
2474.54 0.00134264
2474.57 0.00119345
2474.61 0.00105178
2474.64 0.000920237
2474.68 0.000800593
2474.71 0.000693751
2474.75 0.000599771
2474.78 0.000518045
2474.82 0.000447508
2474.85 0.000386875
2474.89 0.000334837
2474.92 0.000290201
2474.96 0.000251971
2474.99 0.00021936
2475.03 0.000191773
2475.06 0.000168757
2475.1 0.000149949
2475.13 0.000135034
2475.16 0.000123704
2475.2 0.000115647
2475.24 0.000110531
2475.27 0.00010801
2475.31 0.000107726
2475.34 0.000109321
2475.38 0.00011244
2475.41 0.000116745
2475.45 0.00012192
2475.48 0.00012768
2475.52 0.000133773
2475.55 0.000139987
2475.59 0.000146148
2475.62 0.000152115
2475.66 0.000157782
2475.69 0.000163062
2475.73 0.00016789
2475.76 0.000172214
2475.8 0.00017599
2475.83 0.000179192
2475.87 0.000181804
2475.9 0.000183831
2475.94 0.000185301
2475.97 0.000186268
2476.01 0.000186808
2476.04 0.000187026
2476.08 0.000187039
2476.11 0.000186981
2476.14 0.000186987
2476.18 0.000187189
2476.22 0.000187714
2476.25 0.000188674
2476.29 0.000190173
2476.32 0.0001923
2476.36 0.000195137
2476.39 0.000198759
2476.43 0.000203231
2476.46 0.000208611
2476.5 0.000214943
2476.53 0.000222251
2476.57 0.000230534
2476.6 0.000239761
2476.64 0.000249861
2476.67 0.000260731
2476.71 0.000272234
2476.74 0.000284211
2476.78 0.000296494
2476.81 0.000308919
2476.85 0.000321348
2476.88 0.000333678
2476.91 0.000345856
2476.95 0.000357886
2476.99 0.000369825
2477.02 0.000381778
2477.06 0.000393888
2477.09 0.000406317
2477.12 0.000419229
2477.16 0.000432777
2477.2 0.000447086
2477.23 0.000462243
2477.27 0.000478289
2477.3 0.000495216
2477.34 0.000512967
2477.37 0.000531437
2477.41 0.000550484
2477.44 0.000569934
2477.48 0.000589595
2477.51 0.00060927
2477.55 0.000628771
2477.58 0.000647931
2477.62 0.000666612
2477.65 0.000684712
2477.69 0.000702163
2477.72 0.000718932
2477.76 0.000735011
2477.79 0.00075041
2477.83 0.000765155
2477.86 0.000779275
2477.89 0.000792804
2477.93 0.000805771
2477.97 0.000818203
2478 0.000830118
2478.04 0.000841523
2478.07 0.000852412
2478.11 0.000862767
2478.14 0.000872557
2478.18 0.000881745
2478.21 0.000890294
2478.25 0.000898178
2478.28 0.000905395
2478.32 0.000911969
2478.35 0.000917963
2478.39 0.000923476
2478.42 0.000928635
2478.46 0.00093359
2478.49 0.000938493
2478.53 0.000943486
2478.56 0.000948685
2478.6 0.000954167
2478.63 0.000959965
2478.66 0.000966067
2478.7 0.000972424
2478.74 0.000978958
2478.77 0.00098558
2478.81 0.000992199
2478.84 0.000998741
2478.88 0.00100515
2478.91 0.00101141
2478.95 0.00101751
2478.98 0.00102348
2479.02 0.00102936
2479.05 0.00103519
2479.09 0.00104103
2479.12 0.00104693
2479.16 0.00105292
2479.19 0.00105903
2479.23 0.0010653
2479.26 0.00107174
2479.3 0.00107833
2479.33 0.00108509
2479.37 0.00109197
2479.4 0.00109897
2479.44 0.00110603
2479.47 0.00111313
2479.51 0.00112025
2479.54 0.00112736
2479.58 0.00113448
2479.61 0.0011416
2479.64 0.00114874
2479.68 0.00115593
2479.72 0.00116316
2479.75 0.00117042
2479.79 0.00117766
2479.82 0.00118482
2479.86 0.00119182
2479.89 0.00119854
2479.93 0.00120488
2479.96 0.00121077
2480 0.00121612
2480.03 0.00122093
2480.07 0.00122518
2480.1 0.00122891
2480.14 0.00123217
2480.17 0.001235
2480.21 0.0012374
2480.24 0.00123937
2480.28 0.00124084
2480.31 0.00124168
2480.35 0.00124175
2480.38 0.00124086
2480.41 0.00123886
2480.45 0.00123561
2480.49 0.00123103
2480.52 0.00122511
2480.56 0.00121794
2480.59 0.00120969
2480.62 0.00120061
2480.66 0.00119102
2480.7 0.00118129
2480.73 0.0011718
2480.77 0.00116291
2480.8 0.00115496
2480.84 0.00114824
2480.87 0.00114294
2480.91 0.00113921
2480.94 0.00113706
2480.98 0.00113646
2481.01 0.00113726
2481.05 0.00113927
2481.08 0.00114223
2481.12 0.00114587
2481.15 0.00114989
2481.19 0.00115405
2481.22 0.0011581
2481.26 0.00116187
2481.29 0.00116525
2481.33 0.00116818
2481.36 0.00117064
2481.39 0.00117268
2481.43 0.00117436
2481.47 0.00117573
2481.5 0.00117687
2481.54 0.0011778
2481.57 0.00117854
2481.61 0.0011791
2481.64 0.00117945
2481.68 0.00117954
2481.71 0.00117934
2481.75 0.00117878
2481.78 0.00117784
2481.82 0.00117644
2481.85 0.00117454
2481.89 0.00117208
2481.92 0.00116898
2481.96 0.00116516
2481.99 0.00116053
2482.03 0.00115501
2482.06 0.00114852
2482.1 0.00114102
2482.13 0.00113251
2482.16 0.00112306
2482.2 0.00111278
2482.24 0.00110184
2482.27 0.00109046
2482.31 0.00107889
2482.34 0.00106738
2482.38 0.00105618
2482.41 0.00104549
2482.45 0.00103548
2482.48 0.00102626
2482.52 0.00101791
2482.55 0.00101041
2482.59 0.00100374
2482.62 0.000997809
2482.66 0.000992529
2482.69 0.000987783
2482.73 0.000983457
2482.76 0.000979447
2482.8 0.000975662
2482.83 0.000972032
2482.87 0.000968506
2482.9 0.000965054
2482.94 0.000961655
2482.97 0.000958295
2483.01 0.000954957
2483.04 0.000951615
2483.08 0.000948238
2483.11 0.000944786
2483.14 0.00094122
2483.18 0.00093751
2483.22 0.000933647
2483.25 0.00092965
2483.29 0.000925576
2483.32 0.000921519
2483.36 0.00091761
2483.39 0.000914004
2483.43 0.00091087
2483.46 0.000908375
2483.5 0.000906663
2483.53 0.000905844
2483.57 0.000905976
2483.6 0.00090706
2483.64 0.000909031
2483.67 0.000911766
2483.71 0.000915091
2483.74 0.000918798
2483.78 0.000922665
2483.81 0.000926473
2483.85 0.000930032
2483.88 0.000933198
2483.91 0.000935878
2483.95 0.000938046
2483.99 0.000939733
2484.02 0.000941019
2484.06 0.000942024
2484.09 0.000942889
2484.12 0.000943759
2484.16 0.000944773
2484.2 0.000946045
2484.23 0.000947662
2484.27 0.00094968
2484.3 0.000952117
2484.34 0.000954961
2484.37 0.000958172
2484.41 0.000961686
2484.44 0.000965419
2484.48 0.000969274
2484.51 0.00097315
2484.55 0.000976939
2484.58 0.000980539
2484.62 0.000983856
2484.65 0.000986809
2484.69 0.000989333
2484.72 0.000991386
2484.76 0.000992948
2484.79 0.000994022
2484.83 0.000994637
2484.86 0.000994842
2484.89 0.000994701
2484.93 0.00099429
2484.97 0.000993689
2485 0.000992975
2485.04 0.000992218
2485.07 0.000991478
2485.11 0.000990802
2485.14 0.000990225
2485.18 0.000989773
2485.21 0.000989468
2485.25 0.00098933
2485.28 0.000989384
2485.32 0.000989659
2485.35 0.000990191
2485.39 0.000991022
2485.42 0.000992194
2485.46 0.000993747
2485.49 0.000995707
2485.53 0.000998087
2485.56 0.00100087
2485.6 0.00100403
2485.63 0.00100749
2485.66 0.00101117
2485.7 0.00101495
2485.74 0.00101872
2485.77 0.00102234
2485.81 0.00102569
2485.84 0.00102868
2485.88 0.00103122
2485.91 0.00103327
2485.95 0.00103484
2485.98 0.00103594
2486.02 0.00103665
2486.05 0.00103708
2486.09 0.00103736
2486.12 0.00103761
2486.16 0.00103798
2486.19 0.00103861
2486.23 0.0010396
2486.26 0.00104104
2486.3 0.001043
2486.33 0.00104548
2486.37 0.00104849
2486.4 0.00105198
2486.44 0.0010559
2486.47 0.00106018
2486.51 0.00106474
2486.54 0.00106951
2486.58 0.00107444
2486.61 0.00107945
2486.64 0.00108453
2486.68 0.00108963
2486.72 0.00109474
2486.75 0.00109983
2486.79 0.0011049
2486.82 0.00110992
2486.86 0.00111488
2486.89 0.00111973
2486.93 0.00112449
2486.96 0.00112913
2487 0.00113367
2487.03 0.00113815
2487.07 0.00114261
2487.1 0.00114712
2487.14 0.00115173
2487.17 0.0011565
2487.21 0.00116147
2487.24 0.00116665
2487.28 0.00117203
2487.31 0.00117755
2487.35 0.00118315
2487.38 0.00118873
2487.41 0.00119422
2487.45 0.00119953
2487.49 0.00120459
2487.52 0.00120937
2487.56 0.00121383
2487.59 0.00121796
2487.62 0.00122174
2487.66 0.00122518
2487.7 0.00122826
2487.73 0.00123096
2487.77 0.00123327
2487.8 0.00123517
2487.84 0.00123664
2487.87 0.00123769
2487.91 0.00123833
2487.94 0.00123861
2487.98 0.0012386
2488.01 0.00123838
2488.05 0.00123805
2488.08 0.00123772
2488.12 0.00123749
2488.15 0.00123742
2488.19 0.00123758
2488.22 0.00123797
2488.26 0.00123858
2488.29 0.00123935
2488.33 0.00124021
2488.36 0.00124106
2488.39 0.00124181
2488.43 0.00124237
2488.47 0.00124267
2488.5 0.00124265
2488.54 0.00124228
2488.57 0.00124158
2488.61 0.00124053
2488.64 0.00123918
2488.68 0.00123754
2488.71 0.00123564
2488.75 0.00123349
2488.78 0.00123112
2488.82 0.00122852
2488.85 0.00122569
2488.89 0.00122265
2488.92 0.00121941
2488.96 0.00121598
2488.99 0.00121239
2489.03 0.0012087
2489.06 0.00120496
2489.1 0.00120121
2489.13 0.00119754
2489.16 0.001194
2489.2 0.00119066
2489.24 0.00118756
2489.27 0.00118476
2489.31 0.00118227
2489.34 0.00118012
2489.38 0.00117829
2489.41 0.00117676
2489.45 0.00117549
2489.48 0.0011744
2489.52 0.00117342
2489.55 0.00117249
2489.59 0.00117151
2489.62 0.00117042
2489.66 0.00116919
2489.69 0.00116777
2489.73 0.00116618
2489.76 0.00116444
2489.8 0.00116263
2489.83 0.0011608
2489.87 0.00115906
2489.9 0.00115751
2489.94 0.00115623
2489.97 0.00115531
2490.01 0.00115481
2490.04 0.00115475
2490.08 0.00115515
2490.11 0.00115598
2490.14 0.0011572
2490.18 0.00115873
2490.22 0.00116049
2490.25 0.00116237
2490.29 0.00116427
2490.32 0.00116608
2490.36 0.00116771
2490.39 0.00116907
2490.43 0.0011701
2490.46 0.00117076
2490.5 0.00117104
2490.53 0.00117095
2490.57 0.00117053
2490.6 0.00116983
2490.64 0.00116895
2490.67 0.00116795
2490.71 0.00116691
2490.74 0.0011659
2490.78 0.00116498
2490.81 0.00116418
2490.85 0.00116352
2490.88 0.001163
2490.91 0.00116263
2490.95 0.00116236
2490.99 0.00116217
2491.02 0.00116204
2491.06 0.00116191
2491.09 0.00116175
2491.12 0.00116151
2491.16 0.00116116
2491.2 0.00116065
2491.23 0.00115995
2491.27 0.00115903
2491.3 0.00115787
2491.34 0.00115648
2491.37 0.00115487
2491.41 0.00115306
2491.44 0.0011511
2491.48 0.00114906
2491.51 0.00114698
2491.55 0.00114494
2491.58 0.00114301
2491.62 0.00114123
2491.65 0.00113967
2491.69 0.00113837
2491.72 0.00113736
2491.76 0.00113667
2491.79 0.00113631
2491.83 0.0011363
2491.86 0.00113663
2491.89 0.0011373
2491.93 0.00113828
2491.97 0.00113954
2492 0.00114103
2492.04 0.00114272
2492.07 0.00114453
2492.11 0.00114641
2492.14 0.00114831
2492.18 0.00115019
2492.21 0.00115199
2492.25 0.00115369
2492.28 0.00115526
2492.32 0.00115669
2492.35 0.00115795
2492.39 0.00115903
2492.42 0.00115994
2492.46 0.00116067
2492.49 0.00116122
2492.53 0.00116162
2492.56 0.00116189
2492.6 0.00116207
2492.63 0.00116218
2492.66 0.00116227
2492.7 0.00116237
2492.74 0.00116251
2492.77 0.00116268
2492.81 0.0011629
2492.84 0.00116313
2492.88 0.00116335
2492.91 0.00116353
2492.95 0.00116363
2492.98 0.00116363
2493.02 0.00116352
2493.05 0.0011633
2493.09 0.001163
2493.12 0.00116263
2493.16 0.00116224
2493.19 0.00116186
2493.23 0.00116153
2493.26 0.00116127
2493.3 0.00116107
2493.33 0.00116094
2493.37 0.00116085
2493.4 0.00116079
2493.44 0.00116072
2493.47 0.00116064
2493.51 0.00116052
2493.54 0.00116037
2493.58 0.00116019
2493.61 0.00116002
2493.64 0.00115988
2493.68 0.0011598
2493.72 0.00115982
2493.75 0.00115996
2493.79 0.00116026
2493.82 0.00116071
2493.86 0.00116133
2493.89 0.00116209
2493.93 0.00116296
2493.96 0.00116391
2494 0.00116488
2494.03 0.00116582
2494.07 0.00116666
2494.1 0.00116736
2494.14 0.00116788
2494.17 0.00116818
2494.21 0.00116827
2494.24 0.00116814
2494.28 0.00116783
2494.31 0.00116735
2494.35 0.00116677
2494.38 0.0011661
2494.41 0.0011654
2494.45 0.00116469
2494.49 0.001164
2494.52 0.00116334
2494.56 0.00116271
2494.59 0.00116211
2494.62 0.00116153
2494.66 0.00116096
2494.7 0.00116038
2494.73 0.00115979
2494.77 0.00115916
2494.8 0.00115848
2494.84 0.00115773
2494.87 0.00115691
2494.91 0.00115597
2494.94 0.0011549
2494.98 0.00115366
2495.01 0.00115225
2495.05 0.00115064
2495.08 0.00114883
2495.12 0.00114683
2495.15 0.00114469
2495.19 0.00114244
2495.22 0.00114015
2495.26 0.0011379
2495.29 0.00113576
2495.33 0.0011338
2495.36 0.0011321
2495.39 0.00113071
2495.43 0.00112968
2495.47 0.00112902
2495.5 0.00112875
2495.54 0.00112885
2495.57 0.00112928
2495.61 0.00112999
2495.64 0.00113092
2495.68 0.00113198
2495.71 0.00113307
2495.75 0.00113412
2495.78 0.00113501
2495.82 0.00113568
2495.85 0.00113607
2495.89 0.00113614
2495.92 0.00113589
2495.96 0.00113534
2495.99 0.00113454
2496.03 0.00113354
2496.06 0.0011324
2496.1 0.00113121
2496.13 0.00113
2496.16 0.00112882
2496.2 0.0011277
2496.24 0.00112665
2496.27 0.00112567
2496.31 0.00112475
2496.34 0.0011239
2496.38 0.0011231
2496.41 0.00112236
2496.45 0.00112166
2496.48 0.00112101
2496.52 0.00112039
2496.55 0.0011198
2496.59 0.00111921
2496.62 0.00111859
2496.66 0.00111793
2496.69 0.0011172
2496.73 0.00111639
2496.76 0.00111548
2496.8 0.00111449
2496.83 0.00111342
2496.87 0.0011123
2496.9 0.00111115
2496.94 0.00111002
2496.97 0.00110892
2497.01 0.00110789
2497.04 0.00110694
2497.08 0.00110609
2497.11 0.00110532
2497.14 0.00110462
2497.18 0.00110397
2497.22 0.00110333
2497.25 0.00110267
2497.29 0.00110195
2497.32 0.00110113
2497.36 0.00110019
2497.39 0.00109911
2497.43 0.00109788
2497.46 0.00109653
2497.5 0.00109507
2497.53 0.00109352
2497.57 0.00109193
2497.6 0.00109033
2497.64 0.00108875
2497.67 0.00108724
2497.71 0.0010858
2497.74 0.00108448
2497.78 0.00108327
2497.81 0.00108218
2497.85 0.00108122
2497.88 0.00108038
2497.91 0.00107965
2497.95 0.00107902
2497.99 0.00107849
2498.02 0.00107805
2498.06 0.00107768
2498.09 0.0010774
2498.12 0.00107719
2498.16 0.00107707
2498.2 0.00107704
2498.23 0.0010771
2498.27 0.00107724
