2463.1 1.07279e-72
2463.13 3.57265e-72
2463.17 1.18408e-71
2463.2 3.90537e-71
2463.24 1.282e-70
2463.28 4.18816e-70
2463.31 1.3616e-69
2463.34 4.40542e-69
2463.38 1.41855e-68
2463.41 4.54602e-68
2463.45 1.44979e-67
2463.49 4.60152e-67
2463.52 1.4535e-66
2463.55 4.5692e-66
2463.59 1.42954e-65
2463.62 4.45106e-65
2463.66 1.37921e-64
2463.69 4.25349e-64
2463.73 1.30541e-63
2463.76 3.98731e-63
2463.8 1.21205e-62
2463.84 3.66687e-62
2463.87 1.10404e-61
2463.9 3.30827e-61
2463.94 9.86568e-61
2463.97 2.9281e-60
2464.01 8.64894e-60
2464.05 2.54251e-59
2464.08 7.43842e-59
2464.11 2.1659e-58
2464.15 6.27649e-58
2464.18 1.81013e-57
2464.22 5.1956e-57
2464.26 1.48418e-56
2464.29 4.21958e-56
2464.32 1.19391e-55
2464.36 3.36206e-55
2464.39 9.42269e-55
2464.43 2.6282e-54
2464.46 7.296e-54
2464.5 2.01578e-53
2464.53 5.54289e-53
2464.57 1.51688e-52
2464.61 4.13152e-52
2464.64 1.11993e-51
2464.67 3.02145e-51
2464.71 8.11277e-51
2464.74 2.16806e-50
2464.78 5.76642e-50
2464.82 1.52639e-49
2464.85 4.02138e-49
2464.88 1.05445e-48
2464.92 2.75174e-48
2464.95 7.14715e-48
2464.99 1.84758e-47
2465.03 4.75331e-47
2465.06 1.21719e-46
2465.09 3.10208e-46
2465.13 7.86858e-46
2465.16 1.98643e-45
2465.2 4.99115e-45
2465.24 1.24819e-44
2465.27 3.10673e-44
2465.3 7.69618e-44
2465.34 1.89754e-43
2465.38 4.65652e-43
2465.41 1.13731e-42
2465.44 2.76469e-42
2465.48 6.68916e-42
2465.51 1.61083e-41
2465.55 3.8608e-41
2465.59 9.2101e-41
2465.62 2.18673e-40
2465.65 5.16763e-40
2465.69 1.21547e-39
2465.72 2.84545e-39
2465.76 6.63006e-39
2465.8 1.53759e-38
2465.83 3.54921e-38
2465.86 8.15409e-38
2465.9 1.8646e-37
2465.93 4.24385e-37
2465.97 9.61374e-37
2466.01 2.16771e-36
2466.04 4.86485e-36
2466.07 1.08667e-35
2466.11 2.41602e-35
2466.14 5.34647e-35
2466.18 1.17761e-34
2466.21 2.58177e-34
2466.25 5.63367e-34
2466.28 1.2236e-33
2466.32 2.64524e-33
2466.36 5.69197e-33
2466.39 1.2191e-32
2466.42 2.59886e-32
2466.46 5.51448e-32
2466.49 1.16469e-31
2466.53 2.4484e-31
2466.57 5.12326e-31
2466.6 1.06707e-30
2466.63 2.21211e-30
2466.67 4.56475e-30
2466.7 9.37562e-30
2466.74 1.91678e-29
2466.78 3.9006e-29
2466.81 7.90083e-29
2466.84 1.59297e-28
2466.88 3.19687e-28
2466.91 6.38614e-28
2466.95 1.2698e-27
2466.99 2.51325e-27
2467.02 4.95128e-27
2467.05 9.70949e-27
2467.09 1.89529e-26
2467.12 3.68254e-26
2467.16 7.12226e-26
2467.19 1.37116e-25
2467.23 2.62759e-25
2467.26 5.01218e-25
2467.3 9.51684e-25
2467.34 1.79878e-24
2467.37 3.38421e-24
2467.4 6.33781e-24
2467.44 1.18151e-23
2467.47 2.19249e-23
2467.51 4.04994e-23
2467.55 7.44691e-23
2467.58 1.36305e-22
2467.61 2.48349e-22
2467.65 4.50432e-22
2467.68 8.13229e-22
2467.72 1.46156e-21
2467.76 2.6148e-21
2467.79 4.65674e-21
2467.82 8.25549e-21
2467.86 1.45692e-20
2467.89 2.55946e-20
2467.93 4.47601e-20
2467.96 7.79229e-20
2468 1.35042e-19
2468.03 2.32971e-19
2468.07 4.001e-19
2468.11 6.84027e-19
2468.14 1.16417e-18
2468.17 1.97242e-18
2468.21 3.32676e-18
2468.24 5.5858e-18
2468.28 9.3367e-18
2468.32 1.55365e-17
2468.35 2.57372e-17
2468.38 4.24433e-17
2468.42 6.96823e-17
2468.45 1.1389e-16
2468.49 1.85312e-16
2468.53 3.00183e-16
2468.56 4.84093e-16
2468.59 7.77196e-16
2468.63 1.24223e-15
2468.66 1.97668e-15
2468.7 3.13142e-15
2468.74 4.93881e-15
2468.77 7.75492e-15
2468.8 1.21229e-14
2468.84 1.88676e-14
2468.88 2.92355e-14
2468.91 4.51016e-14
2468.94 6.9271e-14
2468.98 1.05928e-13
2469.01 1.61271e-13
2469.05 2.44457e-13
2469.09 3.68926e-13
2468.1 0
2469.12 5.54346e-13
2469.15 8.29326e-13
2469.19 1.23531e-12
2469.22 1.83205e-12
2469.26 2.70525e-12
2469.3 3.97739e-12
2469.33 5.82243e-12
2469.36 8.4865e-12
2469.4 1.23163e-11
2469.43 1.77976e-11
2469.47 2.56076e-11
2469.51 3.66868e-11
2469.54 5.2335e-11
2469.57 7.43383e-11
2469.61 1.05142e-10
2469.64 1.48076e-10
2469.68 2.07657e-10
2469.71 2.89976e-10
2469.75 4.03213e-10
2469.78 5.583e-10
2469.82 7.69771e-10
2469.86 1.05688e-09
2469.89 1.44498e-09
2469.92 1.96732e-09
2469.96 2.66726e-09
2469.99 3.60114e-09
2470.03 4.84171e-09
2470.07 6.48264e-09
2470.1 8.64373e-09
2470.13 1.14775e-08
2470.17 1.51775e-08
2470.2 1.99874e-08
2470.24 2.62138e-08
2470.28 3.4239e-08
2470.31 4.45385e-08
2470.34 5.76997e-08
2470.38 7.44468e-08
2470.41 9.56659e-08
2470.45 1.22437e-07
2470.49 1.56069e-07
2470.52 1.98142e-07
2470.55 2.50551e-07
2470.59 3.15565e-07
2470.62 3.9587e-07
2470.66 4.94654e-07
2470.69 6.1566e-07
2470.73 7.63271e-07
2470.76 9.42589e-07
2470.8 1.15953e-06
2470.84 1.42092e-06
2470.87 1.73456e-06
2470.9 2.10938e-06
2470.94 2.55553e-06
2470.97 3.08444e-06
2471.01 3.70893e-06
2471.05 4.44343e-06
2471.08 5.30393e-06
2471.11 6.30813e-06
2471.15 7.4755e-06
2471.18 8.82752e-06
2471.22 1.03875e-05
2471.26 1.21808e-05
2471.29 1.42348e-05
2471.32 1.6579e-05
2471.36 1.92453e-05
2471.39 2.22672e-05
2471.43 2.56807e-05
2471.46 2.95239e-05
2471.5 3.38369e-05
2471.53 3.86621e-05
2471.57 4.40441e-05
2471.61 5.00292e-05
2471.64 5.66663e-05
2471.67 6.40055e-05
2471.71 7.21e-05
2471.74 8.10044e-05
2471.78 9.07751e-05
2471.82 0.000101472
2471.85 0.000113154
2471.88 0.000125885
2471.92 0.000139729
2471.95 0.000154752
2471.99 0.000171021
2472.03 0.000188609
2472.06 0.000207581
2472.09 0.00022801
2472.13 0.000249967
2472.16 0.000273519
2472.2 0.000298736
2472.24 0.000325687
2472.27 0.00035443
2472.3 0.000385027
2472.34 0.000417525
2472.38 0.000451972
2472.41 0.000488401
2472.44 0.000526831
2472.48 0.000567277
2472.51 0.000609731
2472.55 0.00065417
2472.59 0.000700554
2472.62 0.000748818
2472.65 0.000798881
2472.69 0.000850635
2472.72 0.000903944
2472.76 0.000958653
2472.8 0.00101458
2472.83 0.00107151
2472.86 0.00112921
2472.9 0.00118742
2472.93 0.00124586
2472.97 0.00130424
2473.01 0.00136223
2473.04 0.0014195
2473.07 0.00147571
2473.11 0.00153051
2473.14 0.00158356
2473.18 0.00163451
2473.21 0.00168302
2473.25 0.00172878
2473.28 0.00177148
2473.32 0.00181084
2473.36 0.00184663
2473.39 0.00187862
2473.42 0.00190665
2473.46 0.00193059
2473.49 0.00195033
2473.53 0.00196588
2473.57 0.00197723
2473.6 0.00198443
2473.63 0.00198763
2473.67 0.00198698
2473.7 0.00198267
2473.74 0.00197502
2473.78 0.00196428
2473.81 0.00195084
2473.84 0.00193505
2473.88 0.00191731
2473.91 0.00189809
2473.95 0.0018778
2473.99 0.00185691
2474.02 0.00183591
2474.05 0.00181524
2474.09 0.00179536
2474.12 0.00177672
2474.16 0.00175973
2474.19 0.00174479
2474.23 0.00173227
2474.26 0.00172249
2474.3 0.00171574
2474.34 0.00171227
2474.37 0.00171227
2474.4 0.00171589
2474.44 0.00172325
2474.47 0.00173438
2474.51 0.00174929
2474.55 0.00176794
2474.58 0.00179022
2474.61 0.00181601
2474.65 0.00184511
2474.68 0.00187733
2474.72 0.0019124
2474.76 0.00195002
2474.79 0.00198992
2474.82 0.00203172
2474.86 0.00207513
2474.89 0.00211976
2474.93 0.00216526
2474.96 0.00221126
2475 0.00225742
2475.03 0.00230333
2475.07 0.00234876
2475.11 0.00239332
2475.14 0.00243674
2475.17 0.00247872
2475.21 0.00251903
2475.24 0.0025575
2475.28 0.00259385
2475.32 0.002628
2475.35 0.00265977
2475.38 0.00268915
2475.42 0.00271598
2475.45 0.00274029
2475.49 0.00276204
2475.53 0.0027813
2475.56 0.00279804
2475.59 0.00281239
2475.63 0.00282444
2475.66 0.00283422
2475.7 0.00284191
2475.74 0.00284764
2475.77 0.00285147
2475.8 0.0028536
2475.84 0.00285416
2475.88 0.00285328
2475.91 0.00285108
2475.94 0.00284772
2475.98 0.00284328
2476.01 0.00283794
2476.05 0.00283175
2476.09 0.00282482
2476.12 0.00281722
2476.15 0.00280903
2476.19 0.00280031
2476.22 0.0027911
2476.26 0.00278144
2476.3 0.00277138
2476.33 0.00276089
2476.36 0.00274996
2476.4 0.00273861
2476.43 0.0027268
2476.47 0.00271453
2476.51 0.00270177
2476.54 0.00268843
2476.57 0.00267456
2476.61 0.00266005
2476.64 0.00264488
2476.68 0.002629
2476.71 0.0026124
2476.75 0.00259499
2476.78 0.00257676
2476.82 0.00255769
2476.86 0.00253776
2476.89 0.00251696
2476.92 0.00249528
2476.96 0.0024727
2476.99 0.00244928
2477.03 0.00242501
2477.07 0.00239992
2477.1 0.00237408
2477.13 0.00234754
2477.17 0.00232041
2477.2 0.00229268
2477.24 0.00226455
2477.28 0.00223603
2477.31 0.00220728
2477.34 0.00217842
2477.38 0.00214956
2477.41 0.00212085
2477.45 0.00209241
2477.49 0.0020644
2477.52 0.00203695
2477.55 0.00201019
2477.59 0.00198426
2477.62 0.00195931
2477.66 0.00193545
2477.69 0.00191278
2477.73 0.00189142
2477.76 0.00187145
2477.8 0.00185297
2477.84 0.001836
2477.87 0.00182061
2477.9 0.00180682
2477.94 0.00179462
2477.97 0.00178401
2478.01 0.00177495
2478.05 0.0017674
2478.08 0.00176126
2478.11 0.00175646
2478.15 0.0017529
2478.18 0.00175044
2478.22 0.00174896
2478.26 0.0017483
2478.29 0.00174831
2478.32 0.00174883
2478.36 0.00174968
2478.39 0.00175071
2478.43 0.00175172
2478.46 0.00175256
2478.5 0.00175306
2478.53 0.00175307
2478.57 0.00175242
2478.61 0.00175099
2478.64 0.00174864
2478.67 0.00174526
2478.71 0.00174076
2478.74 0.00173505
2478.78 0.00172805
2478.82 0.00171972
2478.85 0.00171003
2478.88 0.00169895
2478.92 0.00168649
2478.95 0.00167264
2478.99 0.00165744
2479.03 0.00164093
2479.06 0.00162315
2479.09 0.00160417
2479.13 0.00158406
2479.16 0.0015629
2479.2 0.00154078
2479.24 0.0015178
2479.27 0.00149405
2479.3 0.00146963
2479.34 0.00144466
2479.38 0.00141924
2479.41 0.00139349
2479.44 0.0013675
2479.48 0.00134139
2479.51 0.00131526
2479.55 0.00128923
2479.59 0.00126339
2479.62 0.00123783
2479.65 0.00121267
2479.69 0.00118798
2479.72 0.00116384
2479.76 0.00114035
2479.8 0.00111758
2479.83 0.00109559
2479.86 0.00107445
2479.9 0.00105421
2479.93 0.00103493
2479.97 0.00101664
2480.01 0.000999397
2480.04 0.00098322
2480.07 0.000968137
2480.11 0.000954168
2480.14 0.000941327
2480.18 0.000929621
2480.21 0.000919054
2480.25 0.000909624
2480.28 0.000901324
2480.32 0.000894141
2480.36 0.000888066
2480.39 0.000883072
2480.42 0.000879143
2480.46 0.000876254
2480.49 0.000874376
2480.53 0.000873485
2480.57 0.000873547
2480.6 0.000874531
2480.63 0.000876405
2480.67 0.000879139
2480.7 0.000882693
2480.74 0.00088704
2480.78 0.000892147
2480.81 0.000897981
2480.84 0.000904507
2480.88 0.000911699
2480.91 0.000919531
2480.95 0.000927975
2480.99 0.000937004
2481.02 0.000946599
2481.05 0.000956737
2481.09 0.000967407
2481.12 0.000978587
2481.16 0.000990271
2481.19 0.00100245
2481.23 0.00101511
2481.26 0.00102826
2481.3 0.00104188
2481.34 0.00105599
2481.37 0.00107057
2481.4 0.00108563
2481.44 0.00110118
2481.47 0.00111722
2481.51 0.00113374
2481.55 0.00115075
2481.58 0.00116825
2481.61 0.00118624
2481.65 0.00120469
2481.68 0.00122362
2481.72 0.00124299
2481.76 0.0012628
2481.79 0.00128301
2481.82 0.00130361
2481.86 0.00132456
2481.89 0.00134581
2481.93 0.00136733
2481.96 0.00138907
2482 0.00141097
2482.03 0.00143297
2482.07 0.00145502
2482.11 0.00147703
2482.14 0.00149896
2482.17 0.00152071
2482.21 0.00154222
2482.24 0.00156341
2482.28 0.0015842
2482.32 0.00160452
2482.35 0.00162429
2482.38 0.00164343
2482.42 0.00166188
2482.45 0.00167955
2482.49 0.00169639
2482.53 0.00171233
2482.56 0.00172732
2482.59 0.0017413
2482.63 0.00175422
2482.66 0.00176605
2482.7 0.00177674
2482.74 0.00178628
2482.77 0.00179463
2482.8 0.0018018
2482.84 0.00180776
2482.88 0.00181252
2482.91 0.00181609
2482.94 0.00181847
2482.98 0.0018197
2483.01 0.0018198
2483.05 0.0018188
2483.09 0.00181673
2483.12 0.00181364
2483.15 0.00180959
2483.19 0.00180462
2483.22 0.00179877
2483.26 0.00179213
2483.3 0.00178475
2483.33 0.00177668
2483.36 0.00176799
2483.4 0.00175875
2483.43 0.00174903
2483.47 0.00173888
2483.51 0.00172837
2483.54 0.00171757
2483.57 0.00170652
2483.61 0.0016953
2483.64 0.00168395
2483.68 0.00167252
2483.71 0.00166107
2483.75 0.00164963
2483.78 0.00163824
2483.82 0.00162693
2483.86 0.00161574
2483.89 0.00160468
2483.92 0.00159377
2483.96 0.00158302
2483.99 0.00157244
2484.03 0.00156202
2484.07 0.00155176
2484.1 0.00154164
2484.13 0.00153166
2484.17 0.00152179
2484.2 0.001512
2484.24 0.00150227
2484.28 0.00149257
2484.31 0.00148286
2484.34 0.00147312
2484.38 0.0014633
2484.41 0.00145338
2484.45 0.00144332
2484.49 0.00143309
2484.52 0.00142266
2484.55 0.00141201
2484.59 0.00140113
2484.62 0.00138999
2484.66 0.00137858
2484.69 0.00136691
2484.73 0.00135496
2484.76 0.00134275
2484.8 0.00133028
2484.84 0.00131759
2484.87 0.00130469
2484.9 0.0012916
2484.94 0.00127837
2484.97 0.00126503
2485.01 0.00125162
2485.05 0.00123819
2485.08 0.00122477
2485.11 0.00121141
2485.15 0.00119817
2485.18 0.00118507
2485.22 0.00117218
2485.26 0.00115952
2485.29 0.00114713
2485.32 0.00113505
2485.36 0.0011233
2485.39 0.00111191
2485.43 0.0011009
2485.46 0.00109028
2485.5 0.00108006
2485.53 0.00107023
2485.57 0.00106079
2485.61 0.00105174
2485.64 0.00104305
2485.67 0.00103471
2485.71 0.00102669
2485.74 0.00101897
2485.78 0.00101151
2485.82 0.00100429
2485.85 0.000997252
2485.88 0.000990376
2485.92 0.000983624
2485.95 0.000976959
2485.99 0.000970343
2486.03 0.000963746
2486.06 0.000957136
2486.09 0.000950485
2486.13 0.00094377
2486.16 0.00093697
2486.2 0.000930066
2486.24 0.000923049
2486.27 0.000915909
2486.3 0.000908648
2486.34 0.000901263
2486.38 0.000893761
2486.41 0.000886157
2486.44 0.000878465
2486.48 0.000870702
2486.51 0.000862898
2486.55 0.000855074
2486.59 0.000847264
2486.62 0.000839498
2486.65 0.000831819
2486.69 0.000824255
2486.72 0.000816853
2486.76 0.000809649
2486.8 0.000802685
2486.83 0.000796004
2486.86 0.000789643
2486.9 0.000783642
2486.93 0.000778043
2486.97 0.000772878
2487.01 0.000768187
2487.04 0.000763995
2487.07 0.000760337
2487.11 0.000757236
2487.14 0.00075472
2487.18 0.000752799
2487.21 0.000751493
2487.25 0.000750808
2487.28 0.000750752
2487.32 0.000751326
2487.36 0.000752521
2487.39 0.00075433
2487.42 0.000756739
2487.46 0.000759723
2487.49 0.000763261
2487.53 0.000767322
2487.57 0.000771866
2487.6 0.000776858
2487.63 0.000782249
2487.67 0.000787995
2487.7 0.000794042
2487.74 0.000800336
2487.78 0.00080682
2487.81 0.000813435
2487.84 0.000820124
2487.88 0.000826825
2487.91 0.000833477
2487.95 0.000840024
2487.99 0.000846411
2488.02 0.000852585
2488.05 0.000858493
2488.09 0.000864091
2488.12 0.000869333
2488.16 0.000874193
2488.19 0.00087863
2488.23 0.000882629
2488.26 0.000886167
2488.3 0.000889235
2488.34 0.000891829
2488.37 0.00089395
2488.4 0.000895606
2488.44 0.000896816
2488.47 0.000897597
2488.51 0.000897973
2488.55 0.000897985
2488.58 0.000897659
2488.61 0.000897039
2488.65 0.000896168
2488.68 0.000895089
2488.72 0.000893846
2488.76 0.000892489
2488.79 0.000891063
2488.82 0.000889614
2488.86 0.000888185
2488.89 0.000886819
2488.93 0.000885553
2488.96 0.000884424
2489 0.000883464
2489.03 0.000882697
2489.07 0.000882148
2489.11 0.000881836
2489.14 0.000881768
2489.17 0.000881959
2489.21 0.000882408
2489.24 0.000883114
2489.28 0.000884064
2489.32 0.000885257
2489.35 0.000886674
2489.38 0.000888292
2489.42 0.000890097
2489.45 0.000892057
2489.49 0.000894152
2489.53 0.000896349
2489.56 0.000898615
2489.59 0.000900927
2489.63 0.000903247
2489.66 0.000905549
2489.7 0.000907799
2489.74 0.000909969
2489.77 0.000912033
2489.8 0.000913959
2489.84 0.000915724
2489.88 0.000917306
2489.91 0.000918686
2489.94 0.000919841
2489.98 0.000920755
2490.01 0.000921417
2490.05 0.000921815
2490.09 0.000921938
2490.12 0.000921779
2490.15 0.000921338
2490.19 0.000920606
2490.22 0.00091959
2490.26 0.000918284
2490.3 0.000916698
2490.33 0.000914838
2490.36 0.000912709
2490.4 0.000910323
2490.43 0.000907683
2490.47 0.000904813
2490.51 0.000901718
2490.54 0.00089842
2490.57 0.000894934
2490.61 0.000891274
2490.64 0.000887463
2490.68 0.000883522
2490.71 0.000879474
2490.75 0.000875338
2490.78 0.000871142
2490.82 0.00086691
2490.86 0.000862666
2490.89 0.000858437
2490.92 0.000854253
2490.96 0.000850138
2490.99 0.000846123
2491.03 0.000842235
2491.07 0.000838502
2491.1 0.00083495
2491.13 0.000831608
2491.17 0.000828503
2491.2 0.000825657
2491.24 0.0008231
2491.28 0.000820848
2491.31 0.000818928
2491.34 0.000817357
2491.38 0.000816151
2491.41 0.000815322
2491.45 0.000814887
2491.49 0.000814847
2491.52 0.000815215
2491.55 0.00081599
2491.59 0.000817173
2491.62 0.000818755
2491.66 0.000820737
2491.69 0.000823098
2491.73 0.000825831
2491.76 0.000828921
2491.8 0.000832342
2491.84 0.000836073
2491.87 0.000840088
2491.9 0.000844364
2491.94 0.000848866
2491.97 0.000853565
2492.01 0.000858428
2492.05 0.000863425
2492.08 0.000868518
2492.11 0.000873672
2492.15 0.000878858
2492.18 0.000884042
2492.22 0.000889189
2492.26 0.000894268
2492.29 0.000899253
2492.32 0.000904113
2492.36 0.000908824
2492.39 0.000913367
2492.43 0.000917712
2492.46 0.000921847
2492.5 0.000925757
2492.53 0.000929424
2492.57 0.000932841
2492.61 0.000936002
2492.64 0.000938904
2492.67 0.000941536
2492.71 0.000943903
2492.74 0.00094601
2492.78 0.000947857
2492.82 0.000949451
2492.85 0.000950803
2492.88 0.00095192
2492.92 0.000952815
2492.95 0.0009535
2492.99 0.000953989
2493.03 0.000954298
2493.06 0.000954441
2493.09 0.000954437
2493.13 0.000954304
2493.16 0.000954061
2493.2 0.000953727
2493.24 0.000953324
2493.27 0.000952872
2493.3 0.000952391
2493.34 0.000951908
2493.38 0.000951443
2493.41 0.000951022
2493.44 0.000950668
2493.48 0.000950407
2493.51 0.000950264
2493.55 0.000950264
2493.59 0.000950437
2493.62 0.000950803
2493.65 0.000951391
2493.69 0.000952226
2493.72 0.000953337
2493.76 0.000954741
2493.8 0.00095646
2493.83 0.000958524
2493.86 0.000960939
2493.9 0.000963732
2493.93 0.000966914
2493.97 0.000970492
2494.01 0.000974478
2494.04 0.000978877
2494.07 0.000983683
2494.11 0.000988899
2494.14 0.000994521
2494.18 0.00100053
2494.21 0.00100692
2494.25 0.00101367
2494.28 0.00102075
2494.32 0.00102814
2494.36 0.00103581
2494.39 0.00104373
2494.42 0.00105186
2494.46 0.00106017
2494.49 0.00106862
2494.53 0.00107718
2494.57 0.0010858
2494.6 0.00109444
2494.63 0.00110306
2494.67 0.00111164
2494.7 0.00112012
2494.74 0.00112849
2494.78 0.0011367
2494.81 0.00114474
2494.84 0.00115257
2494.88 0.00116018
2494.91 0.00116755
2494.95 0.00117467
2494.99 0.00118153
2495.02 0.00118811
2495.05 0.00119443
2495.09 0.00120049
2495.12 0.00120628
2495.16 0.00121183
2495.19 0.00121713
2495.23 0.00122222
2495.26 0.00122709
2495.3 0.00123178
2495.34 0.0012363
2495.37 0.00124067
2495.4 0.00124491
2495.44 0.00124905
2495.47 0.0012531
2495.51 0.00125708
2495.55 0.00126101
2495.58 0.00126491
2495.61 0.0012688
2495.65 0.00127268
2495.68 0.00127658
2495.72 0.00128049
2495.76 0.00128442
2495.79 0.00128839
2495.82 0.00129239
2495.86 0.00129643
2495.89 0.0013005
2495.93 0.0013046
2495.96 0.00130872
2496 0.00131287
2496.03 0.00131702
2496.07 0.00132117
2496.11 0.00132531
2496.14 0.00132942
2496.17 0.0013335
2496.21 0.00133753
2496.24 0.00134149
2496.28 0.00134538
2496.32 0.00134917
2496.35 0.00135285
2496.38 0.0013564
2496.42 0.00135982
2496.45 0.00136308
2496.49 0.00136618
2496.53 0.00136909
2496.56 0.0013718
2496.59 0.0013743
2496.63 0.00137657
2496.66 0.00137861
2496.7 0.00138039
2496.74 0.00138192
2496.77 0.00138317
2496.8 0.00138414
2496.84 0.00138481
2496.88 0.00138518
2496.91 0.00138524
2496.94 0.00138498
2496.98 0.0013844
2497.01 0.00138349
2497.05 0.00138225
2497.09 0.00138067
2497.12 0.00137875
2497.15 0.00137649
2497.19 0.00137388
2497.22 0.00137094
2497.26 0.00136766
2497.3 0.00136404
2497.33 0.00136009
2497.36 0.00135581
2497.4 0.00135121
2497.43 0.00134629
2497.47 0.00134106
2497.51 0.00133554
2497.54 0.00132973
2497.57 0.00132363
2497.61 0.00131727
2497.64 0.00131065
2497.68 0.00130378
2497.71 0.00129669
2497.75 0.00128937
2497.78 0.00128185
2497.82 0.00127414
2497.86 0.00126625
2497.89 0.00125821
2497.92 0.00125003
2497.96 0.00124171
2497.99 0.00123329
2498.03 0.00122477
2498.07 0.00121618
