2463.1 2.29754e-67
2463.13 7.32093e-67
2463.17 2.32141e-66
2463.2 7.32493e-66
2463.24 2.30001e-65
2463.28 7.18698e-65
2463.31 2.23477e-64
2463.34 6.91505e-64
2463.38 2.12929e-63
2463.41 6.52467e-63
2463.45 1.98957e-62
2463.49 6.0372e-62
2463.52 1.82302e-61
2463.55 5.47807e-61
2463.59 1.63805e-60
2463.62 4.87453e-60
2463.66 1.44346e-59
2463.69 4.25361e-59
2463.73 1.24735e-58
2463.76 3.64004e-58
2463.8 1.05705e-57
2463.84 3.05475e-57
2463.87 8.78483e-57
2463.9 2.51403e-56
2463.94 7.15968e-56
2463.97 2.02909e-55
2464.01 5.72251e-55
2464.05 1.60605e-54
2464.08 4.48554e-54
2464.11 1.24668e-53
2464.15 3.44811e-53
2464.18 9.49036e-53
2464.22 2.59947e-52
2464.26 7.08554e-52
2464.29 1.92194e-51
2464.32 5.18804e-51
2464.36 1.39365e-50
2464.39 3.72553e-50
2464.43 9.91088e-50
2464.46 2.62385e-49
2464.5 6.91271e-49
2464.53 1.8124e-48
2464.57 4.7288e-48
2464.61 1.22782e-47
2464.64 3.17272e-47
2464.67 8.15849e-47
2464.71 2.08786e-46
2464.74 5.31704e-46
2464.78 1.34755e-45
2464.82 3.39887e-45
2464.85 8.53138e-45
2464.88 2.13114e-44
2464.92 5.29786e-44
2464.95 1.31069e-43
2464.99 3.2271e-43
2465.03 7.90737e-43
2465.06 1.92823e-42
2465.09 4.67961e-42
2465.13 1.13024e-41
2465.16 2.71677e-41
2465.2 6.4992e-41
2465.24 1.54733e-40
2465.27 3.66638e-40
2465.3 8.64606e-40
2465.34 2.02923e-39
2465.38 4.73994e-39
2465.41 1.10196e-38
2465.44 2.54962e-38
2465.48 5.87143e-38
2465.51 1.34569e-37
2465.55 3.06985e-37
2465.59 6.97006e-37
2465.62 1.57514e-36
2465.65 3.54285e-36
2465.69 7.93152e-36
2465.72 1.7674e-35
2465.76 3.92008e-35
2465.8 8.65431e-35
2465.83 1.90179e-34
2465.86 4.15985e-34
2465.9 9.05732e-34
2465.93 1.96299e-33
2465.97 4.23506e-33
2466.01 9.09522e-33
2466.04 1.94442e-32
2466.07 4.13816e-32
2466.11 8.76716e-32
2466.14 1.84908e-31
2466.18 3.88252e-31
2466.21 8.11579e-31
2466.25 1.68897e-30
2466.28 3.49934e-30
2466.32 7.21856e-30
2466.36 1.48258e-29
2466.39 3.03164e-29
2466.42 6.17249e-29
2466.46 1.25132e-28
2466.49 2.52598e-28
2466.53 5.07712e-28
2466.57 1.0162e-27
2466.6 2.02526e-27
2466.63 4.01959e-27
2466.67 7.94457e-27
2466.7 1.56366e-26
2466.74 3.06503e-26
2466.78 5.98329e-26
2466.81 1.16324e-25
2466.84 2.25233e-25
2466.88 4.34351e-25
2466.91 8.34264e-25
2466.95 1.59598e-24
2466.99 3.04101e-24
2467.02 5.77146e-24
2467.05 1.09107e-23
2467.09 2.05437e-23
2467.12 3.8531e-23
2467.16 7.19854e-23
2467.19 1.33962e-22
2467.23 2.48327e-22
2467.26 4.58549e-22
2467.3 8.43438e-22
2467.34 1.54537e-21
2467.37 2.82052e-21
2467.4 5.12779e-21
2467.44 9.2864e-21
2467.47 1.67523e-20
2467.51 3.0103e-20
2467.55 5.38819e-20
2467.58 9.60658e-20
2467.61 1.70609e-19
2467.65 3.01806e-19
2467.68 5.31771e-19
2467.72 9.33252e-19
2467.76 1.63133e-18
2467.79 2.84018e-18
2467.82 4.92493e-18
2467.86 8.50536e-18
2467.89 1.46293e-17
2467.93 2.50597e-17
2467.96 4.27518e-17
2468 7.26323e-17
2468.03 1.22883e-16
2468.07 2.07041e-16
2468.11 3.47372e-16
2468.14 5.80362e-16
2468.17 9.65543e-16
2468.21 1.59943e-15
2468.24 2.63816e-15
2468.28 4.33286e-15
2468.32 7.08535e-15
2468.35 1.15362e-14
2468.38 1.87005e-14
2468.42 3.01815e-14
2468.45 4.84965e-14
2468.49 7.75808e-14
2468.53 1.23555e-13
2468.56 1.95895e-13
2468.59 3.09205e-13
2468.63 4.85853e-13
2468.66 7.5998e-13
2468.7 1.18339e-12
2468.74 1.83432e-12
2468.77 2.83038e-12
2468.8 4.34734e-12
2468.84 6.64666e-12
2468.88 1.01152e-11
2468.91 1.53239e-11
2468.94 2.31064e-11
2468.98 3.46808e-11
2469.01 5.18111e-11
2469.05 7.70434e-11
2469.09 1.14029e-10
2468.1 0
2469.12 1.67989e-10
2469.15 2.46323e-10
2469.19 3.59495e-10
2469.22 5.22214e-10
2469.26 7.55015e-10
2469.3 1.08647e-09
2469.33 1.55617e-09
2469.36 2.21833e-09
2469.4 3.14735e-09
2469.43 4.44451e-09
2469.47 6.24667e-09
2469.51 8.73813e-09
2469.54 1.21658e-08
2469.57 1.68577e-08
2469.61 2.32495e-08
2469.64 3.19135e-08
2469.68 4.35985e-08
2469.71 5.92818e-08
2469.75 8.02271e-08
2469.78 1.0806e-07
2469.82 1.44862e-07
2469.86 1.93289e-07
2469.89 2.56682e-07
2469.92 3.39274e-07
2469.96 4.46327e-07
2469.99 5.84402e-07
2470.03 7.61618e-07
2470.07 9.87927e-07
2470.1 1.27548e-06
2470.13 1.63907e-06
2470.17 2.09649e-06
2470.2 2.66909e-06
2470.24 3.38239e-06
2470.28 4.26655e-06
2470.31 5.35689e-06
2470.34 6.69499e-06
2470.38 8.32898e-06
2470.41 1.03143e-05
2470.45 1.27153e-05
2470.49 1.56031e-05
2470.52 1.90607e-05
2470.55 2.31803e-05
2470.59 2.80632e-05
2470.62 3.38239e-05
2470.66 4.05864e-05
2470.69 4.84856e-05
2470.73 5.76693e-05
2470.76 6.82935e-05
2470.8 8.05247e-05
2470.84 9.45388e-05
2470.87 0.000110517
2470.9 0.000128649
2470.94 0.000149127
2470.97 0.000172146
2471.01 0.000197896
2471.05 0.000226567
2471.08 0.000258339
2471.11 0.000293388
2471.15 0.00033186
2471.18 0.000373907
2471.22 0.000419643
2471.26 0.000469156
2471.29 0.000522517
2471.32 0.000579766
2471.36 0.000640891
2471.39 0.000705847
2471.43 0.000774577
2471.46 0.000846955
2471.5 0.000922805
2471.53 0.00100193
2471.57 0.00108407
2471.61 0.00116894
2471.64 0.00125618
2471.67 0.0013454
2471.71 0.00143619
2471.74 0.00152808
2471.78 0.00162057
2471.82 0.00171313
2471.85 0.00180515
2471.88 0.00189612
2471.92 0.00198545
2471.95 0.00207247
2471.99 0.00215663
2472.03 0.00223728
2472.06 0.00231382
2472.09 0.0023857
2472.13 0.00245241
2472.16 0.00251337
2472.2 0.00256819
2472.24 0.00261652
2472.27 0.00265785
2472.3 0.00269205
2472.34 0.00271872
2472.38 0.0027378
2472.41 0.00274929
2472.44 0.0027532
2472.48 0.00274958
2472.51 0.00273862
2472.55 0.00272049
2472.59 0.00269567
2472.62 0.00266443
2472.65 0.00262713
2472.69 0.00258457
2472.72 0.00253708
2472.76 0.00248515
2472.8 0.00242968
2472.83 0.00237103
2472.86 0.00230999
2472.9 0.00224709
2472.93 0.00218307
2472.97 0.00211842
2473.01 0.00205371
2473.04 0.00198957
2473.07 0.00192638
2473.11 0.00186464
2473.14 0.00180482
2473.18 0.00174716
2473.21 0.00169203
2473.25 0.00163967
2473.28 0.00159026
2473.32 0.00154396
2473.36 0.00150085
2473.39 0.00146099
2473.42 0.00142439
2473.46 0.001391
2473.49 0.00136076
2473.53 0.00133358
2473.57 0.00130932
2473.6 0.00128782
2473.63 0.00126894
2473.67 0.00125247
2473.7 0.00123822
2473.74 0.00122601
2473.78 0.00121561
2473.81 0.00120681
2473.84 0.00119942
2473.88 0.00119326
2473.91 0.00118812
2473.95 0.00118383
2473.99 0.00118024
2474.02 0.00117718
2474.05 0.00117453
2474.09 0.00117216
2474.12 0.00116998
2474.16 0.00116789
2474.19 0.00116583
2474.23 0.00116374
2474.26 0.00116158
2474.3 0.00115932
2474.34 0.00115696
2474.37 0.00115449
2474.4 0.00115193
2474.44 0.00114929
2474.47 0.0011466
2474.51 0.0011439
2474.55 0.00114122
2474.58 0.0011386
2474.61 0.0011361
2474.65 0.00113375
2474.68 0.0011316
2474.72 0.0011297
2474.76 0.00112807
2474.79 0.00112679
2474.82 0.00112587
2474.86 0.00112536
2474.89 0.00112526
2474.93 0.00112564
2474.96 0.00112649
2475 0.00112785
2475.03 0.00112973
2475.07 0.00113215
2475.11 0.00113511
2475.14 0.00113865
2475.17 0.00114277
2475.21 0.00114747
2475.24 0.00115279
2475.28 0.00115872
2475.32 0.0011653
2475.35 0.00117254
2475.38 0.00118047
2475.42 0.00118911
2475.45 0.00119847
2475.49 0.0012086
2475.53 0.00121952
2475.56 0.00123126
2475.59 0.00124384
2475.63 0.0012573
2475.66 0.00127164
2475.7 0.0012869
2475.74 0.00130307
2475.77 0.00132017
2475.8 0.00133819
2475.84 0.00135711
2475.88 0.00137692
2475.91 0.00139758
2475.94 0.00141904
2475.98 0.00144125
2476.01 0.00146413
2476.05 0.00148763
2476.09 0.00151164
2476.12 0.00153607
2476.15 0.00156081
2476.19 0.00158577
2476.22 0.00161082
2476.26 0.00163585
2476.3 0.00166076
2476.33 0.00168541
2476.36 0.00170972
2476.4 0.00173357
2476.43 0.00175688
2476.47 0.00177956
2476.51 0.00180154
2476.54 0.00182276
2476.57 0.00184316
2476.61 0.00186274
2476.64 0.00188149
2476.68 0.00189936
2476.71 0.0019164
2476.75 0.00193267
2476.78 0.00194808
2476.82 0.00196282
2476.86 0.00197688
2476.89 0.00199035
2476.92 0.00200332
2476.96 0.00201578
2476.99 0.00202784
2477.03 0.00203963
2477.07 0.00205121
2477.1 0.00206262
2477.13 0.00207399
2477.17 0.00208527
2477.2 0.0020966
2477.24 0.00210803
2477.28 0.00211956
2477.31 0.0021312
2477.34 0.00214295
2477.38 0.00215486
2477.41 0.00216676
2477.45 0.00217882
2477.49 0.00219086
2477.52 0.0022029
2477.55 0.00221486
2477.59 0.00222664
2477.62 0.00223824
2477.66 0.00224953
2477.69 0.00226039
2477.73 0.00227077
2477.76 0.00228058
2477.8 0.00228982
2477.84 0.0022983
2477.87 0.00230598
2477.9 0.00231262
2477.94 0.00231843
2477.97 0.00232316
2478.01 0.00232687
2478.05 0.00232944
2478.08 0.00233087
2478.11 0.00233116
2478.15 0.0023303
2478.18 0.0023283
2478.22 0.0023251
2478.26 0.00232083
2478.29 0.00231544
2478.32 0.0023091
2478.36 0.00230173
2478.39 0.0022935
2478.43 0.0022843
2478.46 0.00227445
2478.5 0.00226382
2478.53 0.00225252
2478.57 0.00224077
2478.61 0.00222848
2478.64 0.00221582
2478.67 0.0022028
2478.71 0.00218958
2478.74 0.00217615
2478.78 0.00216253
2478.82 0.00214882
2478.85 0.00213508
2478.88 0.00212133
2478.92 0.00210762
2478.95 0.00209386
2478.99 0.00208013
2479.03 0.00206653
2479.06 0.00205285
2479.09 0.00203923
2479.13 0.00202561
2479.16 0.00201199
2479.2 0.00199827
2479.24 0.00198456
2479.27 0.00197065
2479.3 0.00195663
2479.34 0.00194246
2479.38 0.00192806
2479.41 0.00191346
2479.44 0.0018986
2479.48 0.00188344
2479.51 0.00186792
2479.55 0.00185215
2479.59 0.00183606
2479.62 0.00181966
2479.65 0.00180292
2479.69 0.00178586
2479.72 0.0017685
2479.76 0.00175087
2479.8 0.00173299
2479.83 0.00171487
2479.86 0.00169655
2479.9 0.00167808
2479.93 0.00165949
2479.97 0.00164081
2480.01 0.0016221
2480.04 0.0016034
2480.07 0.00158475
2480.11 0.0015662
2480.14 0.00154778
2480.18 0.00152955
2480.21 0.00151155
2480.25 0.00149381
2480.28 0.00147638
2480.32 0.00145928
2480.36 0.00144256
2480.39 0.00142624
2480.42 0.00141037
2480.46 0.00139497
2480.49 0.00138005
2480.53 0.00136564
2480.57 0.00135177
2480.6 0.00133846
2480.63 0.00132572
2480.67 0.00131356
2480.7 0.001302
2480.74 0.00129105
2480.78 0.0012807
2480.81 0.00127098
2480.84 0.00126186
2480.88 0.00125337
2480.91 0.00124549
2480.95 0.0012382
2480.99 0.00123151
2481.02 0.00122539
2481.05 0.00121985
2481.09 0.00121484
2481.12 0.00121035
2481.16 0.00120637
2481.19 0.00120285
2481.23 0.00119977
2481.26 0.00119711
2481.3 0.00119482
2481.34 0.00119288
2481.37 0.00119125
2481.4 0.00118989
2481.44 0.00118875
2481.47 0.00118782
2481.51 0.00118704
2481.55 0.00118638
2481.58 0.00118578
2481.61 0.00118522
2481.65 0.00118467
2481.68 0.00118407
2481.72 0.00118338
2481.76 0.00118259
2481.79 0.00118166
2481.82 0.00118053
2481.86 0.0011792
2481.89 0.00117763
2481.93 0.0011758
2481.96 0.00117369
2482 0.00117127
2482.03 0.00116854
2482.07 0.00116547
2482.11 0.00116207
2482.14 0.00115833
2482.17 0.00115426
2482.21 0.00114984
2482.24 0.0011451
2482.28 0.00114003
2482.32 0.00113466
2482.35 0.00112901
2482.38 0.0011231
2482.42 0.00111693
2482.45 0.00111054
2482.49 0.00110396
2482.53 0.00109723
2482.56 0.00109034
2482.59 0.00108335
2482.63 0.00107629
2482.66 0.00106917
2482.7 0.00106202
2482.74 0.00105488
2482.77 0.00104777
2482.8 0.0010407
2482.84 0.0010337
2482.88 0.00102679
2482.91 0.00101999
2482.94 0.0010133
2482.98 0.00100675
2483.01 0.00100034
2483.05 0.000994065
2483.09 0.000987954
2483.12 0.000982011
2483.15 0.000976225
2483.19 0.000970604
2483.22 0.000965165
2483.26 0.000959889
2483.3 0.000954789
2483.33 0.000949859
2483.36 0.000945118
2483.4 0.00094055
2483.43 0.000936163
2483.47 0.000931972
2483.51 0.000927962
2483.54 0.000924164
2483.57 0.000920558
2483.61 0.000917173
2483.64 0.000914005
2483.68 0.000911071
2483.71 0.000908366
2483.75 0.000905914
2483.78 0.000903718
2483.82 0.000901794
2483.86 0.000900141
2483.89 0.000898779
2483.92 0.000897714
2483.96 0.000896956
2483.99 0.000896517
2484.03 0.000896399
2484.07 0.000896617
2484.1 0.000897175
2484.13 0.000898074
2484.17 0.000899333
2484.2 0.000900943
2484.24 0.000902914
2484.28 0.000905238
2484.31 0.000907938
2484.34 0.000910985
2484.38 0.000914391
2484.41 0.000918157
2484.45 0.000922266
2484.49 0.000926711
2484.52 0.000931486
2484.55 0.000936584
2484.59 0.000941982
2484.62 0.000947671
2484.66 0.000953618
2484.69 0.000959822
2484.73 0.000966242
2484.76 0.000972867
2484.8 0.000979652
2484.84 0.000986583
2484.87 0.000993627
2484.9 0.00100073
2484.94 0.00100789
2484.97 0.00101504
2485.01 0.00102216
2485.05 0.00102921
2485.08 0.00103615
2485.11 0.00104295
2485.15 0.00104957
2485.18 0.00105597
2485.22 0.00106213
2485.26 0.00106801
2485.29 0.00107357
2485.32 0.0010788
2485.36 0.00108367
2485.39 0.00108816
2485.43 0.00109226
2485.46 0.00109595
2485.5 0.00109922
2485.53 0.00110207
2485.57 0.00110449
2485.61 0.00110647
2485.64 0.00110804
2485.67 0.00110918
2485.71 0.00110992
2485.74 0.00111025
2485.78 0.00111019
2485.82 0.00110976
2485.85 0.00110896
2485.88 0.00110781
2485.92 0.00110635
2485.95 0.00110456
2485.99 0.00110248
2486.03 0.00110014
2486.06 0.00109752
2486.09 0.00109468
2486.13 0.0010916
2486.16 0.00108833
2486.2 0.00108488
2486.24 0.00108126
2486.27 0.0010775
2486.3 0.00107362
2486.34 0.00106963
2486.38 0.00106556
2486.41 0.00106142
2486.44 0.00105723
2486.48 0.00105303
2486.51 0.00104882
2486.55 0.00104464
2486.59 0.00104049
2486.62 0.00103641
2486.65 0.00103241
2486.69 0.0010285
2486.72 0.0010247
2486.76 0.00102103
2486.8 0.0010175
2486.83 0.00101413
2486.86 0.00101091
2486.9 0.00100788
2486.93 0.00100501
2486.97 0.00100232
2487.01 0.000999812
2487.04 0.000997484
2487.07 0.000995332
2487.11 0.000993339
2487.14 0.000991526
2487.18 0.000989869
2487.21 0.00098836
2487.25 0.000986983
2487.28 0.00098575
2487.32 0.000984626
2487.36 0.000983626
2487.39 0.000982719
2487.42 0.000981912
2487.46 0.000981182
2487.49 0.000980538
2487.53 0.000979948
2487.57 0.000979439
2487.6 0.000978988
2487.63 0.000978586
2487.67 0.000978239
2487.7 0.000977944
2487.74 0.000977692
2487.78 0.000977496
2487.81 0.000977334
2487.84 0.000977235
2487.88 0.000977172
2487.91 0.000977163
2487.95 0.000977207
2487.99 0.000977287
2488.02 0.000977424
2488.05 0.000977616
2488.09 0.000977848
2488.12 0.000978134
2488.16 0.000978464
2488.19 0.000978833
2488.23 0.000979249
2488.26 0.000979706
2488.3 0.000980192
2488.34 0.0009807
2488.37 0.000981239
2488.4 0.000981792
2488.44 0.00098235
2488.47 0.000982912
2488.51 0.000983462
2488.55 0.000984001
2488.58 0.000984512
2488.61 0.000984992
2488.65 0.000985424
2488.68 0.000985811
2488.72 0.000986129
2488.76 0.000986383
2488.79 0.000986558
2488.82 0.000986649
2488.86 0.00098664
2488.89 0.000986539
2488.93 0.000986335
2488.96 0.000986021
2489 0.000985598
2489.03 0.000985055
2489.07 0.000984405
2489.11 0.000983636
2489.14 0.000982754
2489.17 0.000981759
2489.21 0.000980658
2489.24 0.000979454
2489.28 0.000978157
2489.32 0.000976772
2489.35 0.000975302
2489.38 0.000973759
2489.42 0.000972158
2489.45 0.000970501
2489.49 0.000968806
2489.53 0.000967076
2489.56 0.000965324
2489.59 0.000963571
2489.63 0.000961824
2489.66 0.000960089
2489.7 0.00095838
2489.74 0.000956713
2489.77 0.000955094
2489.8 0.000953526
2489.84 0.000952027
2489.88 0.000950604
2489.91 0.000949261
2489.94 0.000947998
2489.98 0.000946842
2490.01 0.000945766
2490.05 0.000944794
2490.09 0.000943918
2490.12 0.000943146
2490.15 0.000942474
2490.19 0.000941902
2490.22 0.000941422
2490.26 0.000941032
2490.3 0.00094074
2490.33 0.000940527
2490.36 0.000940394
2490.4 0.000940331
2490.43 0.00094034
2490.47 0.000940413
2490.51 0.000940537
2490.54 0.000940712
2490.57 0.000940925
2490.61 0.000941182
2490.64 0.000941464
2490.68 0.000941779
2490.71 0.000942118
2490.75 0.00094247
2490.78 0.000942836
2490.82 0.000943217
2490.86 0.000943617
2490.89 0.000944026
2490.92 0.000944459
2490.96 0.000944899
2490.99 0.000945356
2491.03 0.00094583
2491.07 0.000946335
2491.1 0.000946878
2491.13 0.000947451
2491.17 0.000948074
2491.2 0.000948741
2491.24 0.00094948
2491.28 0.000950284
2491.31 0.000951176
2491.34 0.000952155
2491.38 0.000953242
2491.41 0.000954446
2491.45 0.00095578
2491.49 0.000957256
2491.52 0.000958885
2491.55 0.000960685
2491.59 0.000962666
2491.62 0.000964847
2491.66 0.000967228
2491.69 0.000969838
2491.73 0.00097268
2491.76 0.000975772
2491.8 0.000979106
2491.84 0.00098271
2491.87 0.000986586
2491.9 0.000990741
2491.94 0.000995183
2491.97 0.000999902
2492.01 0.00100491
2492.05 0.0010102
2492.08 0.00101578
2492.11 0.00102163
2492.15 0.00102774
2492.18 0.00103411
2492.22 0.00104074
2492.26 0.00104757
2492.29 0.00105462
2492.32 0.00106187
2492.36 0.00106927
2492.39 0.00107681
2492.43 0.00108447
2492.46 0.0010922
2492.5 0.00109999
2492.53 0.0011078
2492.57 0.00111559
2492.61 0.00112334
2492.64 0.00113099
2492.67 0.00113852
2492.71 0.00114589
2492.74 0.00115307
2492.78 0.00116002
2492.82 0.00116669
2492.85 0.00117307
2492.88 0.00117912
2492.92 0.00118482
2492.95 0.00119013
2492.99 0.00119504
2493.03 0.00119952
2493.06 0.00120356
2493.09 0.00120716
2493.13 0.00121029
2493.16 0.00121297
2493.2 0.00121518
2493.24 0.00121694
2493.27 0.00121825
2493.3 0.00121914
2493.34 0.00121961
2493.38 0.00121969
2493.41 0.00121941
2493.44 0.00121879
2493.48 0.00121786
2493.51 0.00121665
2493.55 0.00121521
2493.59 0.00121355
2493.62 0.00121173
2493.65 0.00120975
2493.69 0.00120768
2493.72 0.00120554
2493.76 0.00120335
2493.8 0.00120114
2493.83 0.00119895
2493.86 0.00119679
2493.9 0.00119468
2493.93 0.00119265
2493.97 0.0011907
2494.01 0.00118884
2494.04 0.00118708
2494.07 0.00118544
2494.11 0.00118389
2494.14 0.00118245
2494.18 0.00118111
2494.21 0.00117986
2494.25 0.00117869
2494.28 0.0011776
2494.32 0.00117657
2494.36 0.0011756
2494.39 0.00117465
2494.42 0.00117374
2494.46 0.00117284
2494.49 0.00117194
2494.53 0.00117104
2494.57 0.00117012
2494.6 0.00116919
2494.63 0.00116821
2494.67 0.00116722
2494.7 0.0011662
2494.74 0.00116514
2494.78 0.00116405
2494.81 0.00116293
2494.84 0.0011618
2494.88 0.00116065
2494.91 0.00115949
2494.95 0.00115833
2494.99 0.0011572
2495.02 0.00115609
2495.05 0.00115501
2495.09 0.00115397
2495.12 0.001153
2495.16 0.00115209
2495.19 0.00115126
2495.23 0.00115052
2495.26 0.00114986
2495.3 0.0011493
2495.34 0.00114883
2495.37 0.00114846
2495.4 0.00114819
2495.44 0.00114802
2495.47 0.00114794
2495.51 0.00114794
2495.55 0.00114801
2495.58 0.00114814
2495.61 0.00114832
2495.65 0.00114853
2495.68 0.00114876
2495.72 0.001149
2495.76 0.00114922
2495.79 0.0011494
2495.82 0.00114954
2495.86 0.00114961
2495.89 0.00114959
2495.93 0.00114947
2495.96 0.00114924
2496 0.00114889
2496.03 0.00114842
2496.07 0.00114778
2496.11 0.00114702
2496.14 0.0011461
2496.17 0.00114503
2496.21 0.00114381
2496.24 0.00114244
2496.28 0.00114094
2496.32 0.00113931
2496.35 0.00113756
2496.38 0.00113571
2496.42 0.00113376
2496.45 0.00113172
2496.49 0.00112964
2496.53 0.00112751
2496.56 0.00112535
2496.59 0.00112318
2496.63 0.00112102
2496.66 0.00111889
2496.7 0.00111681
2496.74 0.00111479
2496.77 0.00111285
2496.8 0.00111101
2496.84 0.00110929
2496.88 0.00110771
2496.91 0.00110627
2496.94 0.00110498
2496.98 0.00110388
2497.01 0.00110295
2497.05 0.00110222
2497.09 0.0011017
2497.12 0.00110139
2497.15 0.0011013
2497.19 0.00110143
2497.22 0.00110178
2497.26 0.00110237
2497.3 0.00110317
2497.33 0.00110421
2497.36 0.00110546
2497.4 0.00110691
2497.43 0.00110857
2497.47 0.00111042
2497.51 0.00111245
2497.54 0.00111464
2497.57 0.00111698
2497.61 0.00111943
2497.64 0.00112199
2497.68 0.00112466
2497.71 0.00112737
2497.75 0.00113013
2497.78 0.0011329
2497.82 0.00113568
2497.86 0.00113842
2497.89 0.00114112
2497.92 0.00114375
2497.96 0.00114628
2497.99 0.00114871
2498.03 0.001151
2498.07 0.00115314
