2462 0
2462.04 0
2462.08 0
2462.12 0
2462.15 0
2462.19 0
2462.23 0
2462.27 0
2462.31 0
2462.35 0
2462.39 0
2462.42 0
2462.46 0
2462.5 0
2462.54 0
2462.58 0
2462.62 0
2462.65 0
2462.69 0
2462.73 0
2462.77 0
2462.81 0
2462.85 0
2462.89 0
2462.92 0
2462.96 0
2463 0
2463.04 0
2463.08 0
2463.12 0
2463.16 0
2463.19 0
2463.23 0
2463.27 0
2463.31 0
2463.35 0
2463.39 0
2463.42 0
2463.46 0
2463.5 0
2463.54 0
2463.58 0
2463.62 0
2463.66 0
2463.69 0
2463.73 0
2463.77 0
2463.81 0
2463.85 0
2463.89 0
2463.93 0
2463.96 0
2464 0
2464.04 0
2464.08 0
2464.12 0
2464.16 0
2464.19 0
2464.23 0
2464.27 0
2464.31 0
2464.35 1.50307e-304
2464.39 1.02872e-301
2464.43 6.65644e-299
2464.46 4.17731e-296
2464.5 2.5425e-293
2464.54 1.50087e-290
2464.58 8.59265e-288
2464.62 4.77112e-285
2464.66 2.56923e-282
2464.7 1.3419e-279
2464.73 6.79727e-277
2464.77 3.33932e-274
2464.81 1.59108e-271
2464.85 7.35244e-269
2464.89 3.29525e-266
2464.93 1.43233e-263
2464.96 6.03822e-261
2465 2.46882e-258
2465.04 9.78967e-256
2465.08 3.76501e-253
2465.12 1.40432e-250
2465.16 5.08015e-248
2465.2 1.78239e-245
2465.23 6.06495e-243
2465.27 2.0016e-240
2465.31 6.40645e-238
2465.35 1.98878e-235
2465.39 5.98746e-233
2465.43 1.74834e-230
2465.47 4.95117e-228
2465.5 1.35993e-225
2465.54 3.6227e-223
2465.58 9.35912e-221
2465.62 2.34511e-218
2465.66 5.69905e-216
2465.7 1.34324e-213
2465.73 3.07058e-211
2465.77 6.80739e-209
2465.81 1.46372e-206
2465.85 3.05234e-204
2465.89 6.17367e-202
2465.93 1.21104e-199
2465.97 2.30393e-197
2466 4.25119e-195
2466.04 7.60765e-193
2466.08 1.32039e-190
2466.12 2.22266e-188
2466.16 3.62864e-186
2466.2 5.74565e-184
2466.24 8.82326e-182
2466.27 1.31415e-179
2466.31 1.8983e-177
2466.35 2.65953e-175
2466.39 3.61363e-173
2466.43 4.76209e-171
2466.47 6.08643e-169
2466.5 7.5448e-167
2466.54 9.07068e-165
2466.58 1.05765e-162
2466.62 1.19609e-160
2466.66 1.31187e-158
2466.7 1.39551e-156
2466.74 1.43975e-154
2466.77 1.44064e-152
2466.81 1.39809e-150
2466.85 1.31592e-148
2466.89 1.20125e-146
2466.93 1.06354e-144
2466.97 9.13228e-143
2467.01 7.60548e-141
2467.04 6.14317e-139
2467.08 4.8123e-137
2467.12 3.65626e-135
2467.16 2.69421e-133
2467.2 1.92557e-131
2467.24 1.3347e-129
2467.27 8.97279e-128
2467.31 5.8504e-126
2467.35 3.6996e-124
2467.39 2.26907e-122
2467.43 1.34969e-120
2467.47 7.78664e-119
2467.51 4.35682e-117
2467.54 2.36443e-115
2467.58 1.24445e-113
2467.62 6.35263e-112
2467.66 3.14517e-110
2467.7 1.51024e-108
2467.74 7.03333e-107
2467.78 3.17696e-105
2467.81 1.39173e-103
2467.85 5.91325e-102
2467.89 2.43667e-100
2467.93 9.73874e-99
2467.97 3.77493e-97
2468.01 1.41922e-95
2468.04 5.17495e-94
2468.08 1.83003e-92
2468.12 6.27698e-91
2468.16 2.08811e-89
2468.2 6.73695e-88
2468.24 2.10816e-86
2468.28 6.39818e-85
2468.31 1.88331e-83
2468.35 5.3767e-82
2468.39 1.48871e-80
2468.43 3.99795e-79
2468.47 1.04131e-77
2468.51 2.63046e-76
2468.55 6.44494e-75
2468.58 1.53148e-73
2468.62 3.52967e-72
2468.66 7.88975e-71
2468.7 1.71047e-69
2468.74 3.59649e-68
2468.78 7.33474e-67
2468.81 1.45075e-65
2468.85 2.78307e-64
2468.89 5.1782e-63
2468.93 9.34431e-62
2468.97 1.63547e-60
2469.01 2.7762e-59
2469.05 4.57082e-58
2469.08 7.29865e-57
2469.12 1.13036e-55
2469.16 1.6979e-54
2469.2 2.4737e-53
2469.24 3.49516e-52
2469.28 4.78991e-51
2469.32 6.36672e-50
2469.35 8.2076e-49
2469.39 1.02623e-47
2469.43 1.2445e-46
2469.47 1.46376e-45
2469.51 1.66979e-44
2469.55 1.84755e-43
2469.58 1.98246e-42
2469.62 2.06337e-41
2469.66 2.08287e-40
2469.7 2.03935e-39
2469.74 1.93641e-38
2469.78 1.78349e-37
2469.82 1.59314e-36
2469.85 1.38026e-35
2469.89 1.15982e-34
2469.93 9.45247e-34
2469.97 7.47183e-33
2470.01 5.72831e-32
2470.05 4.25946e-31
2470.09 3.07203e-30
2470.12 2.14879e-29
2470.16 1.45785e-28
2470.2 9.59282e-28
2470.24 6.12218e-27
2470.28 3.78957e-26
2470.32 2.27503e-25
2470.35 1.32478e-24
2470.39 7.48195e-24
2470.43 4.09837e-23
2470.47 2.17733e-22
2470.51 1.12195e-21
2470.55 5.60731e-21
2470.59 2.71805e-20
2470.62 1.27786e-19
2470.66 5.82712e-19
2470.7 2.57718e-18
2470.74 1.1055e-17
2470.78 4.59939e-17
2470.82 1.85604e-16
2470.86 7.26414e-16
2470.89 2.75742e-15
2470.93 1.01527e-14
2470.97 3.62555e-14
2471.01 1.25572e-13
2471.05 4.21848e-13
2471.09 1.37447e-12
2471.12 4.34366e-12
2471.16 1.33136e-11
2471.2 3.95789e-11
2471.24 1.14124e-10
2471.28 3.19159e-10
2471.32 8.6573e-10
2471.36 2.27774e-09
2471.39 5.81191e-09
2471.43 1.43843e-08
2471.47 3.4529e-08
2471.51 8.03945e-08
2471.55 1.81558e-07
2471.59 3.97667e-07
2471.62 8.448e-07
2471.66 1.74078e-06
2471.7 3.4791e-06
2471.74 6.74437e-06
2471.78 1.26813e-05
2471.82 2.31278e-05
2471.86 4.09134e-05
2471.89 7.02069e-05
2471.93 0.000116861
2471.97 0.000188692
2472.01 0.00029559
2472.05 0.000449211
2472.09 0.000662373
2472.13 0.000947776
2472.16 0.00131621
2472.2 0.00177439
2472.24 0.00232271
2472.28 0.00295355
2472.32 0.00365012
2472.36 0.00438697
2472.39 0.00513177
2472.43 0.00584951
2472.47 0.00650578
2472.51 0.00707215
2472.55 0.00752963
2472.59 0.00787096
2472.63 0.0080998
2472.66 0.00822891
2472.7 0.00827623
2472.74 0.00825998
2472.78 0.00819476
2472.82 0.00808969
2472.86 0.00794718
2472.9 0.00776513
2472.93 0.00753994
2472.97 0.0072694
2473.01 0.00695584
2473.05 0.00660731
2473.09 0.00623813
2473.13 0.00586593
2473.16 0.00551067
2473.2 0.00519028
2473.24 0.00491938
2473.28 0.00470683
2473.32 0.00455496
2473.36 0.00446065
2473.4 0.00441586
2473.43 0.00440903
2473.47 0.0044269
2473.51 0.00445579
2473.55 0.00448305
2473.59 0.00449769
2473.63 0.00449067
2473.67 0.00445579
2473.7 0.00438953
2473.74 0.00429109
2473.78 0.0041623
2473.82 0.00400754
2473.86 0.00383256
2473.9 0.00364453
2473.93 0.00345145
2473.97 0.00326076
2474.01 0.00307907
2474.05 0.00291147
2474.09 0.00276139
2474.13 0.0026301
2474.17 0.0025174
2474.2 0.0024215
2474.24 0.00233951
2474.28 0.00226853
2474.32 0.0022055
2474.36 0.00214807
2474.4 0.00209443
2474.44 0.00204296
2474.47 0.00199348
2474.51 0.00194526
2474.55 0.00189848
2474.59 0.00185279
2474.63 0.00180818
2474.67 0.00176457
2474.7 0.00172154
2474.74 0.00167894
2474.78 0.00163659
2474.82 0.00159433
2474.86 0.001552
2474.9 0.00150945
2474.94 0.00146637
2474.97 0.00142244
2475.01 0.00137716
2475.05 0.00132997
2475.09 0.00128035
2475.13 0.00122794
2475.17 0.00117246
2475.21 0.001114
2475.24 0.00105285
2475.28 0.000989603
2475.32 0.000925003
2475.36 0.000859971
2475.4 0.00079544
2475.44 0.000732285
2475.47 0.000671331
2475.51 0.000613233
2475.55 0.000558475
2475.59 0.000507381
2475.63 0.000460136
2475.67 0.000416755
2475.71 0.000377112
2475.74 0.000340975
2475.78 0.000308015
2475.82 0.000277837
2475.86 0.000250042
2475.9 0.000224234
2475.94 0.00020007
2475.98 0.000177312
2476.01 0.000155794
2476.05 0.000135469
2476.09 0.000116374
2476.13 9.86119e-05
2476.17 8.23236e-05
2476.21 6.76516e-05
2476.24 5.47169e-05
2476.28 4.36024e-05
2476.32 3.43431e-05
2476.36 2.69331e-05
2476.4 2.13254e-05
2476.44 1.74587e-05
2476.48 1.52695e-05
2476.51 1.47064e-05
2476.55 1.57434e-05
2476.59 1.83834e-05
2476.63 2.26564e-05
2476.67 2.8609e-05
2476.71 3.6288e-05
2476.75 4.57246e-05
2476.78 5.69002e-05
2476.82 6.97301e-05
2476.86 8.4039e-05
2476.9 9.95546e-05
2476.94 0.000115899
2476.98 0.000132601
2477.01 0.000149133
2477.05 0.000164945
2477.09 0.000179516
2477.13 0.000192413
2477.17 0.000203339
2477.21 0.00021217
2477.25 0.000218997
2477.28 0.00022409
2477.32 0.000227955
2477.36 0.00023117
2477.4 0.000234511
2477.44 0.000238719
2477.48 0.000244588
2477.52 0.000252769
2477.55 0.00026384
2477.59 0.000278216
2477.63 0.00029606
2477.67 0.000317316
2477.71 0.000341698
2477.75 0.000368679
2477.78 0.000397559
2477.82 0.000427467
2477.86 0.000457463
2477.9 0.000486648
2477.94 0.000514188
2477.98 0.000539384
2478.02 0.000561742
2478.05 0.000581011
2478.09 0.000597176
2478.13 0.000610449
2478.17 0.000621196
2478.21 0.000630009
2478.25 0.000637542
2478.29 0.00064453
2478.32 0.000651701
2478.36 0.00065968
2478.4 0.000669
2478.44 0.000680019
2478.48 0.000692839
2478.52 0.000707343
2478.55 0.00072318
2478.59 0.000739887
2478.63 0.000756811
2478.67 0.000773371
2478.71 0.00078903
2478.75 0.000803387
2478.79 0.000816298
2478.82 0.00082786
2478.86 0.000838331
2478.9 0.000848212
2478.94 0.000858109
2478.98 0.000868584
2479.02 0.000880198
2479.06 0.000893378
2479.09 0.000908388
2479.13 0.000925256
2479.17 0.000943894
2479.21 0.00096403
2479.25 0.000985308
2479.29 0.00100727
2479.32 0.0010295
2479.36 0.0010516
2479.4 0.00107328
2479.44 0.00109428
2479.48 0.00111447
2479.52 0.00113387
2479.56 0.00115251
2479.59 0.00117058
2479.63 0.00118832
2479.67 0.001206
2479.71 0.0012239
2479.75 0.00124236
2479.79 0.00126161
2479.83 0.00128187
2479.86 0.00130327
2479.9 0.00132585
2479.94 0.0013495
2479.98 0.00137416
2480.02 0.00139966
2480.06 0.00142586
2480.09 0.00145272
2480.13 0.00148024
2480.17 0.00150856
2480.21 0.00153789
2480.25 0.00156856
2480.29 0.00160083
2480.33 0.001635
2480.36 0.00167121
2480.4 0.00170937
2480.44 0.00174925
2480.48 0.00179028
2480.52 0.00183166
2480.56 0.00187265
2480.6 0.00191184
2480.63 0.00194815
2480.67 0.00198083
2480.71 0.00200847
2480.75 0.0020305
2480.79 0.00204639
2480.83 0.00205542
2480.86 0.00205777
2480.9 0.00205307
2480.94 0.0020417
2480.98 0.002024
2481.02 0.00200052
2481.06 0.00197217
2481.1 0.00194002
2481.13 0.00190516
2481.17 0.00186904
2481.21 0.00183292
2481.25 0.00179826
2481.29 0.00176616
2481.33 0.00173769
2481.37 0.00171354
2481.4 0.00169404
2481.44 0.00167907
2481.48 0.00166814
2481.52 0.00166036
2481.56 0.0016546
2481.6 0.00164954
2481.64 0.0016439
2481.67 0.00163652
2481.71 0.00162651
2481.75 0.00161337
2481.79 0.00159702
2481.83 0.00157778
2481.87 0.00155637
2481.9 0.00153374
2481.94 0.001511
2481.98 0.00148931
2482.02 0.00146973
2482.06 0.00145314
2482.1 0.00144006
2482.14 0.00143078
2482.17 0.00142507
2482.21 0.00142247
2482.25 0.00142205
2482.29 0.00142272
2482.33 0.00142316
2482.37 0.00142203
2482.41 0.00141812
2482.44 0.00141046
2482.48 0.00139838
2482.52 0.00138164
2482.56 0.00136031
2482.6 0.00133486
2482.64 0.00130596
2482.67 0.00127441
2482.71 0.00124102
2482.75 0.00120658
2482.79 0.00117172
2482.83 0.00113701
2482.87 0.00110293
2482.91 0.00106988
2482.94 0.00103829
2482.98 0.00100859
2483.02 0.000981279
2483.06 0.000956878
2483.1 0.000935876
2483.14 0.000918735
2483.18 0.000905787
2483.21 0.000897155
2483.25 0.000892748
2483.29 0.000892315
2483.33 0.000895313
2483.37 0.000901075
2483.41 0.000908838
2483.44 0.000917779
2483.48 0.000927082
2483.52 0.000936056
2483.56 0.000944091
2483.6 0.000950757
2483.64 0.000955722
2483.68 0.000958868
2483.71 0.000960112
2483.75 0.000959498
2483.79 0.000957167
2483.83 0.000953213
2483.87 0.000947759
2483.91 0.000940913
2483.95 0.00093275
2483.98 0.000923306
2484.02 0.000912594
2484.06 0.000900642
2484.1 0.000887511
2484.14 0.000873279
2484.18 0.000858165
2484.21 0.000842413
2484.25 0.000826395
2484.29 0.000810558
2484.33 0.000795351
2484.37 0.000781245
2484.41 0.000768711
2484.45 0.000758092
2484.48 0.00074964
2484.52 0.000743499
2484.56 0.00073969
2484.6 0.000738153
2484.64 0.000738695
2484.68 0.000741135
2484.72 0.000745177
2484.75 0.000750598
2484.79 0.000757133
2484.83 0.000764557
2484.87 0.000772648
2484.91 0.000781261
2484.95 0.000790311
2484.98 0.000799666
2485.02 0.00080931
2485.06 0.000819171
2485.1 0.000829196
2485.14 0.000839343
2485.18 0.000849568
2485.22 0.000859826
2485.25 0.000870084
2485.29 0.000880375
2485.33 0.000890781
2485.37 0.000901453
2485.41 0.000912542
2485.45 0.000924225
2485.49 0.000936634
2485.52 0.000949818
2485.56 0.000963688
2485.6 0.000978028
2485.64 0.00099246
2485.68 0.0010064
2485.72 0.00101926
2485.75 0.00103035
2485.79 0.00103904
2485.83 0.00104485
2485.87 0.00104751
2485.91 0.001047
2485.95 0.00104362
2485.99 0.00103795
2486.02 0.00103082
2486.06 0.00102319
2486.1 0.00101615
2486.14 0.00101061
2486.18 0.00100741
2486.22 0.00100707
2486.26 0.00100985
2486.29 0.00101572
2486.33 0.00102441
2486.37 0.00103544
2486.41 0.00104823
2486.45 0.00106219
2486.49 0.00107676
2486.52 0.00109152
2486.56 0.00110611
2486.6 0.00112033
2486.64 0.00113403
2486.68 0.00114714
2486.72 0.0011596
2486.76 0.00117138
2486.79 0.00118234
2486.83 0.0011924
2486.87 0.00120143
2486.91 0.00120933
2486.95 0.001216
2486.99 0.00122148
2487.03 0.0012258
2487.06 0.00122912
2487.1 0.00123168
2487.14 0.00123376
2487.18 0.0012356
2487.22 0.0012375
2487.26 0.00123963
2487.29 0.0012421
2487.33 0.00124499
2487.37 0.00124821
2487.41 0.00125162
2487.45 0.00125505
2487.49 0.00125825
2487.53 0.00126099
2487.56 0.00126303
2487.6 0.00126417
2487.64 0.00126423
2487.68 0.00126307
2487.72 0.00126067
2487.76 0.00125702
2487.8 0.00125225
2487.83 0.00124647
2487.87 0.00123988
2487.91 0.00123271
2487.95 0.0012252
2487.99 0.00121754
2488.03 0.00120996
2488.06 0.00120257
2488.1 0.00119551
2488.14 0.00118883
2488.18 0.00118254
2488.22 0.00117665
2488.26 0.00117114
2488.3 0.00116601
2488.33 0.00116121
2488.37 0.00115679
2488.41 0.00115279
2488.45 0.00114931
2488.49 0.00114648
2488.53 0.00114443
2488.57 0.00114331
2488.6 0.00114324
2488.64 0.00114427
2488.68 0.0011464
2488.72 0.00114953
2488.76 0.0011535
2488.8 0.00115809
2488.83 0.00116314
2488.87 0.00116847
2488.91 0.00117398
2488.95 0.00117969
2488.99 0.00118568
2489.03 0.00119209
2489.07 0.00119905
2489.1 0.00120669
2489.14 0.00121496
2489.18 0.00122375
2489.22 0.00123273
2489.26 0.00124147
2489.3 0.00124944
2489.34 0.0012561
2489.37 0.00126094
2489.41 0.00126357
2489.45 0.00126385
2489.49 0.00126175
2489.53 0.00125751
2489.57 0.00125155
2489.6 0.00124441
2489.64 0.00123672
2489.68 0.00122904
2489.72 0.00122191
2489.76 0.0012157
2489.8 0.00121055
2489.84 0.0012065
2489.87 0.00120337
2489.91 0.0012008
2489.95 0.00119843
2489.99 0.00119582
2490.03 0.00119257
2490.07 0.00118836
2490.11 0.00118303
2490.14 0.00117649
2490.18 0.0011688
2490.22 0.00116017
2490.26 0.00115083
2490.3 0.00114111
2490.34 0.00113139
2490.37 0.00112199
2490.41 0.00111319
2490.45 0.00110528
2490.49 0.00109842
2490.53 0.00109276
2490.57 0.00108839
2490.61 0.00108534
2490.64 0.00108364
2490.68 0.00108328
2490.72 0.00108422
2490.76 0.00108639
2490.8 0.00108971
2490.84 0.00109403
2490.88 0.00109918
2490.91 0.00110495
2490.95 0.00111113
2490.99 0.00111751
2491.03 0.00112392
2491.07 0.00113022
2491.11 0.00113631
2491.14 0.00114209
2491.18 0.00114752
2491.22 0.00115258
2491.26 0.00115715
2491.3 0.00116123
2491.34 0.00116477
2491.38 0.00116777
2491.41 0.00117026
2491.45 0.00117237
2491.49 0.00117427
2491.53 0.00117618
2491.57 0.00117835
2491.61 0.00118102
2491.64 0.00118433
2491.68 0.00118839
2491.72 0.0011931
2491.76 0.00119831
2491.8 0.00120369
2491.84 0.0012088
2491.88 0.00121319
2491.91 0.00121635
2491.95 0.00121788
2491.99 0.00121749
2492.03 0.00121499
2492.07 0.00121044
2492.11 0.0012041
2492.15 0.00119636
2492.18 0.00118778
2492.22 0.00117895
2492.26 0.00117055
2492.3 0.00116312
2492.34 0.00115718
2492.38 0.00115303
2492.41 0.00115084
2492.45 0.00115065
2492.49 0.00115231
2492.53 0.00115563
2492.57 0.00116029
2492.61 0.00116601
2492.65 0.00117245
2492.68 0.00117927
2492.72 0.00118623
2492.76 0.00119305
2492.8 0.00119954
2492.84 0.0012055
2492.88 0.0012108
2492.92 0.00121539
2492.95 0.0012192
2492.99 0.00122227
2493.03 0.00122464
2493.07 0.00122639
2493.11 0.0012276
2493.15 0.00122843
2493.18 0.00122897
2493.22 0.00122935
2493.26 0.0012297
2493.3 0.00123009
2493.34 0.00123062
2493.38 0.00123132
2493.42 0.00123223
2493.45 0.00123336
2493.49 0.00123472
2493.53 0.0012363
2493.57 0.00123811
2493.61 0.00124012
2493.65 0.00124236
2493.69 0.00124479
2493.72 0.00124738
2493.76 0.00125001
2493.8 0.00125253
2493.84 0.00125465
2493.88 0.00125614
2493.92 0.00125661
2493.95 0.0012557
2493.99 0.00125316
2494.03 0.0012487
2494.07 0.00124223
2494.11 0.0012338
2494.15 0.00122357
2494.19 0.00121194
2494.22 0.00119934
2494.26 0.00118633
2494.3 0.00117344
2494.34 0.00116123
2494.38 0.00115009
2494.42 0.0011403
2494.46 0.00113201
2494.49 0.00112517
2494.53 0.00111958
2494.57 0.00111496
2494.61 0.00111099
2494.65 0.00110732
2494.69 0.00110367
2494.72 0.00109986
2494.76 0.0010958
2494.8 0.0010915
2494.84 0.00108711
2494.88 0.00108285
2494.92 0.00107896
2494.96 0.00107575
2494.99 0.00107346
2495.03 0.00107232
2495.07 0.0010725
2495.11 0.00107409
2495.15 0.00107707
2495.19 0.00108135
2495.23 0.00108669
2495.26 0.00109285
2495.3 0.0010995
2495.34 0.00110625
2495.38 0.00111274
2495.42 0.00111864
2495.46 0.00112366
2495.49 0.00112762
2495.53 0.00113038
2495.57 0.00113192
2495.61 0.0011323
2495.65 0.00113161
2495.69 0.00113001
2495.73 0.00112762
2495.76 0.00112452
2495.8 0.00112076
2495.84 0.00111628
2495.88 0.00111099
2495.92 0.00110474
2495.96 0.00109739
2496 0.00108884
2496.03 0.00107909
2496.07 0.00106824
2496.11 0.00105655
2496.15 0.0010444
2496.19 0.00103221
2496.23 0.00102047
2496.26 0.00100963
2496.3 0.00100004
2496.34 0.000991987
2496.38 0.000985577
2496.42 0.000980829
2496.46 0.00097765
2496.5 0.000975825
2496.53 0.000975102
2496.57 0.000975174
2496.61 0.0009757
2496.65 0.00097633
2496.69 0.000976691
2496.73 0.000976439
2496.77 0.000975227
2496.8 0.000972827
2496.84 0.000969034
2496.88 0.000963797
2496.92 0.000957167
2496.96 0.000949332
2497 0.000940624
2497.03 0.000931485
2497.07 0.000922367
2497.11 0.000913786
2497.15 0.000906221
2497.19 0.00090008
2497.23 0.000895657
2497.27 0.000893109
2497.3 0.000892439
2497.34 0.000893543
2497.38 0.000896179
2497.42 0.000899952
2497.46 0.000904487
2497.5 0.000909271
2497.54 0.000913842
2497.57 0.000917763
2497.61 0.000920597
2497.65 0.000922078
2497.69 0.000921989
2497.73 0.000920308
2497.77 0.000917129
2497.8 0.00091265
2497.84 0.000907216
2497.88 0.000901272
2497.92 0.000895221
2497.96 0.000889517
2498 0.000884549
2498.04 0.000880575
2498.07 0.00087783
2498.11 0.000876386
2498.15 0.000876225
2498.19 0.000877236
2498.23 0.000879259
2498.27 0.000882093
2498.31 0.000885471
2498.34 0.000889208
2498.38 0.00089309
2498.42 0.000896991
2498.46 0.000900803
2498.5 0.000904504
2498.54 0.000908135
2498.57 0.000911728
2498.61 0.000915432
2498.65 0.000919333
2498.69 0.000923542
2498.73 0.000928198
2498.77 0.000933383
2498.81 0.000939126
2498.84 0.000945484
2498.88 0.000952402
2498.92 0.000959859
2498.96 0.000967753
2499 0.000975969
2499.04 0.000984369
2499.08 0.000992801
2499.11 0.00100111
2499.15 0.00100915
2499.19 0.00101675
2499.23 0.00102376
2499.27 0.00103004
2499.31 0.00103548
2499.34 0.00103994
2499.38 0.00104332
2499.42 0.00104557
2499.46 0.00104664
2499.5 0.00104653
2499.54 0.00104532
2499.58 0.0010431
2499.61 0.00104003
2499.65 0.00103636
2499.69 0.00103235
2499.73 0.00102827
2499.77 0.00102446
2499.81 0.00102116
2499.85 0.00101864
2499.88 0.00101707
2499.92 0.00101659
2499.96 0.00101718
2500 0.00101886
2500.04 0.00102152
2500.08 0.00102504
2500.11 0.00102928
2500.15 0.00103414
2500.19 0.0010395
2500.23 0.0010453
2500.27 0.00105141
2500.31 0.00105777
2500.35 0.00106425
2500.38 0.00107071
2500.42 0.00107693
2500.46 0.00108265
