2462 0
2462.04 0
2462.08 0
2462.12 0
2462.15 0
2462.19 2.05407e-305
2462.23 1.34239e-302
2462.27 8.5059e-300
2462.31 5.22736e-297
2462.35 3.11562e-294
2462.39 1.80104e-291
2462.42 1.00974e-288
2462.46 5.49041e-286
2462.5 2.8954e-283
2462.54 1.48088e-280
2462.58 7.34606e-278
2462.62 3.53413e-275
2462.65 1.64902e-272
2462.69 7.46274e-270
2462.73 3.27532e-267
2462.77 1.3942e-264
2462.81 5.756e-262
2462.85 2.30477e-259
2462.89 8.94993e-257
2462.92 3.371e-254
2462.96 1.23134e-251
2463 4.36249e-249
2463.04 1.499e-246
2463.08 4.99531e-244
2463.12 1.6145e-241
2463.16 5.061e-239
2463.19 1.53867e-236
2463.23 4.53687e-234
2463.27 1.29743e-231
2463.31 3.59857e-229
2463.35 9.68015e-227
2463.39 2.52549e-224
2463.42 6.3904e-222
2463.46 1.56831e-219
2463.5 3.73274e-217
2463.54 8.61707e-215
2463.58 1.92923e-212
2463.62 4.18918e-210
2463.66 8.82227e-208
2463.69 1.80207e-205
2463.73 3.56996e-203
2463.77 6.85907e-201
2463.81 1.27815e-198
2463.85 2.30999e-196
2463.89 4.04911e-194
2463.93 6.8835e-192
2463.96 1.13506e-189
2464 1.8151e-187
2464.04 2.81524e-185
2464.08 4.23483e-183
2464.12 6.17842e-181
2464.16 8.74267e-179
2464.19 1.19978e-176
2464.23 1.597e-174
2464.27 2.06162e-172
2464.31 2.58122e-170
2464.35 3.1345e-168
2464.39 3.69169e-166
2464.43 4.21699e-164
2464.46 4.67193e-162
2464.5 5.0201e-160
2464.54 5.23166e-158
2464.58 5.28795e-156
2464.62 5.18383e-154
2464.66 4.92881e-152
2464.7 4.5451e-150
2464.73 4.06504e-148
2464.77 3.52623e-146
2464.81 2.96671e-144
2464.85 2.42083e-142
2464.89 1.91585e-140
2464.93 1.47059e-138
2464.96 1.09477e-136
2465 7.90471e-135
2465.04 5.53584e-133
2465.08 3.76004e-131
2465.12 2.47697e-129
2465.16 1.58259e-127
2465.2 9.8071e-126
2465.23 5.89449e-124
2465.27 3.43613e-122
2465.31 1.94275e-120
2465.35 1.06533e-118
2465.39 5.66596e-117
2465.43 2.92271e-115
2465.47 1.46228e-113
2465.5 7.09557e-112
2465.54 3.33949e-110
2465.58 1.52439e-108
2465.62 6.74898e-107
2465.66 2.89807e-105
2465.7 1.20698e-103
2465.73 4.87549e-102
2465.77 1.91016e-100
2465.81 7.25822e-99
2465.85 2.67517e-97
2465.89 9.56279e-96
2465.93 3.31541e-94
2465.97 1.11488e-92
2466 3.63625e-91
2466.04 1.15029e-89
2466.08 3.52924e-88
2466.12 1.05023e-86
2466.16 3.03136e-85
2466.2 8.486e-84
2466.24 2.30415e-82
2466.27 6.06806e-81
2466.31 1.54999e-79
2466.35 3.83994e-78
2466.39 9.22718e-77
2466.43 2.1505e-75
2466.47 4.86129e-74
2466.5 1.06588e-72
2466.54 2.26662e-71
2466.58 4.67515e-70
2466.62 9.35278e-69
2466.66 1.8149e-67
2466.7 3.41566e-66
2466.74 6.23517e-65
2466.77 1.10397e-63
2466.81 1.89588e-62
2466.85 3.15798e-61
2466.89 5.10196e-60
2466.93 7.99531e-59
2466.97 1.21515e-57
2467.01 1.79143e-56
2467.04 2.56159e-55
2467.08 3.5528e-54
2467.12 4.77933e-53
2467.16 6.23621e-52
2467.2 7.89237e-51
2467.24 9.68841e-50
2467.27 1.15359e-48
2467.31 1.3323e-47
2467.35 1.49249e-46
2467.39 1.62165e-45
2467.43 1.70908e-44
2467.47 1.74711e-43
2467.51 1.73236e-42
2467.54 1.66613e-41
2467.58 1.55433e-40
2467.62 1.40651e-39
2467.66 1.23446e-38
2467.7 1.05101e-37
2467.74 8.67908e-37
2467.78 6.95235e-36
2467.81 5.40174e-35
2467.85 4.07107e-34
2467.89 2.97619e-33
2467.93 2.11049e-32
2467.97 1.45168e-31
2468.01 9.68581e-31
2468.04 6.26875e-30
2468.08 3.93555e-29
2468.12 2.39666e-28
2468.16 1.41579e-27
2468.2 8.11292e-27
2468.24 4.50952e-26
2468.28 2.4316e-25
2468.31 1.27185e-24
2468.35 6.45332e-24
2468.39 3.1764e-23
2468.43 1.51664e-22
2468.47 7.02461e-22
2468.51 3.15654e-21
2468.55 1.37595e-20
2468.58 5.81861e-20
2468.62 2.38704e-19
2468.66 9.50005e-19
2468.7 3.66822e-18
2468.74 1.37413e-17
2468.78 4.99396e-17
2468.81 1.76091e-16
2468.85 6.02423e-16
2468.89 1.99964e-15
2468.93 6.44047e-15
2468.97 2.0128e-14
2469.01 6.10391e-14
2469.05 1.79625e-13
2469.08 5.12997e-13
2469.12 1.42185e-12
2469.16 3.82513e-12
2469.2 9.98849e-12
2469.24 2.53187e-11
2469.28 6.23088e-11
2469.32 1.48884e-10
2469.35 3.45484e-10
2469.39 7.7863e-10
2469.43 1.70466e-09
2469.47 3.62625e-09
2469.51 7.49711e-09
2469.55 1.50675e-08
2469.58 2.94489e-08
2469.62 5.59931e-08
2469.66 1.03606e-07
2469.7 1.86672e-07
2469.74 3.27632e-07
2469.78 5.60517e-07
2469.82 9.35318e-07
2469.85 1.5234e-06
2469.89 2.42364e-06
2469.93 3.76942e-06
2469.97 5.73612e-06
2470.01 8.5483e-06
2470.05 1.24866e-05
2470.09 1.78949e-05
2470.12 2.51844e-05
2470.16 3.48381e-05
2470.2 4.7412e-05
2470.24 6.35349e-05
2470.28 8.39078e-05
2470.32 0.000109301
2470.35 0.00014055
2470.39 0.000178544
2470.43 0.000224226
2470.47 0.000278573
2470.51 0.000342579
2470.55 0.000417213
2470.59 0.000503384
2470.62 0.00060188
2470.66 0.000713291
2470.7 0.000837951
2470.74 0.000975867
2470.78 0.00112668
2470.82 0.00128965
2470.86 0.00146364
2470.89 0.00164718
2470.93 0.00183847
2470.97 0.00203543
2471.01 0.00223569
2471.05 0.00243655
2471.09 0.00263499
2471.12 0.00282757
2471.16 0.0030104
2471.2 0.00317929
2471.24 0.00332978
2471.28 0.00345752
2471.32 0.00355846
2471.36 0.00362929
2471.39 0.00366784
2471.43 0.00367327
2471.47 0.00364624
2471.51 0.00358895
2471.55 0.00350487
2471.59 0.00339853
2471.62 0.00327501
2471.66 0.00313959
2471.7 0.00299734
2471.74 0.00285267
2471.78 0.00270929
2471.82 0.00256988
2471.86 0.00243626
2471.89 0.00230939
2471.93 0.00218955
2471.97 0.00207649
2472.01 0.00196974
2472.05 0.00186872
2472.09 0.00177284
2472.13 0.00168164
2472.16 0.00159473
2472.2 0.00151178
2472.24 0.00143245
2472.28 0.00135635
2472.32 0.00128301
2472.36 0.00121194
2472.39 0.00114272
2472.43 0.00107512
2472.47 0.00100926
2472.51 0.000945734
2472.55 0.000885731
2472.59 0.000831022
2472.63 0.000783949
2472.66 0.000747351
2472.7 0.000724423
2472.74 0.000718588
2472.78 0.000733354
2472.82 0.00077218
2472.86 0.000838342
2472.9 0.000934837
2472.93 0.00106424
2472.97 0.00122857
2473.01 0.00142913
2473.05 0.00166634
2473.09 0.00193943
2473.13 0.00224628
2473.16 0.00258317
2473.2 0.00294446
2473.24 0.00332261
2473.28 0.0037081
2473.32 0.00408958
2473.36 0.00445427
2473.4 0.00478873
2473.43 0.00507938
2473.47 0.00531378
2473.51 0.00548147
2473.55 0.00557492
2473.59 0.00559028
2473.63 0.00552784
2473.67 0.00539176
2473.7 0.00518986
2473.74 0.00493274
2473.78 0.00463282
2473.82 0.00430312
2473.86 0.00395635
2473.9 0.00360402
2473.93 0.0032559
2473.97 0.00291982
2474.01 0.00260162
2474.05 0.0023054
2474.09 0.00203376
2474.13 0.00178818
2474.17 0.00156921
2474.2 0.00137672
2474.24 0.00120996
2474.28 0.00106774
2474.32 0.000948395
2474.36 0.000849927
2474.4 0.000770088
2474.44 0.000706508
2474.47 0.000656817
2474.51 0.000618753
2474.55 0.000590272
2474.59 0.000569578
2474.63 0.000555156
2474.67 0.000545755
2474.7 0.000540346
2474.74 0.000538086
2474.78 0.000538269
2474.82 0.000540305
2474.86 0.000543694
2474.9 0.000548018
2474.94 0.000552938
2474.97 0.000558199
2475.01 0.000563626
2475.05 0.000569128
2475.09 0.000574687
2475.13 0.000580355
2475.17 0.000586242
2475.21 0.000592504
2475.24 0.000599328
2475.28 0.000606933
2475.32 0.000615542
2475.36 0.00062538
2475.4 0.000636646
2475.44 0.000649506
2475.47 0.00066407
2475.51 0.000680375
2475.55 0.000698375
2475.59 0.000717926
2475.63 0.000738802
2475.67 0.000760699
2475.71 0.000783265
2475.74 0.000806144
2475.78 0.000828993
2475.82 0.000851542
2475.86 0.000873618
2475.9 0.000895153
2475.94 0.000916205
2475.98 0.000936919
2476.01 0.000957506
2476.05 0.000978194
2476.09 0.000999182
2476.13 0.00102058
2476.17 0.00104237
2476.21 0.00106443
2476.24 0.00108644
2476.28 0.00110803
2476.32 0.0011287
2476.36 0.00114794
2476.4 0.00116527
2476.44 0.00118032
2476.48 0.00119279
2476.51 0.0012026
2476.55 0.00120976
2476.59 0.00121448
2476.63 0.00121706
2476.67 0.00121788
2476.71 0.00121739
2476.75 0.00121603
2476.78 0.00121419
2476.82 0.00121224
2476.86 0.00121044
2476.9 0.00120901
2476.94 0.00120805
2476.98 0.0012076
2477.01 0.00120762
2477.05 0.00120802
2477.09 0.0012087
2477.13 0.00120953
2477.17 0.00121041
2477.21 0.00121128
2477.25 0.00121215
2477.28 0.00121309
2477.32 0.00121423
2477.36 0.00121573
2477.4 0.00121781
2477.44 0.00122068
2477.48 0.00122452
2477.52 0.00122946
2477.55 0.00123557
2477.59 0.00124285
2477.63 0.00125122
2477.67 0.00126056
2477.71 0.00127069
2477.75 0.0012814
2477.78 0.0012925
2477.82 0.00130379
2477.86 0.00131511
2477.9 0.00132633
2477.94 0.00133739
2477.98 0.00134826
2478.02 0.00135895
2478.05 0.00136951
2478.09 0.00138005
2478.13 0.00139067
2478.17 0.00140147
2478.21 0.00141259
2478.25 0.00142411
2478.29 0.00143613
2478.32 0.00144869
2478.36 0.00146179
2478.4 0.00147538
2478.44 0.00148938
2478.48 0.00150365
2478.52 0.00151798
2478.55 0.00153215
2478.59 0.00154592
2478.63 0.00155903
2478.67 0.00157124
2478.71 0.00158236
2478.75 0.00159224
2478.79 0.00160079
2478.82 0.00160801
2478.86 0.00161395
2478.9 0.00161877
2478.94 0.00162263
2478.98 0.00162576
2479.02 0.00162839
2479.06 0.00163071
2479.09 0.00163291
2479.13 0.0016351
2479.17 0.00163733
2479.21 0.0016396
2479.25 0.00164183
2479.29 0.00164391
2479.32 0.00164573
2479.36 0.00164713
2479.4 0.00164801
2479.44 0.00164826
2479.48 0.00164784
2479.52 0.00164674
2479.56 0.001645
2479.59 0.00164269
2479.63 0.0016399
2479.67 0.00163677
2479.71 0.0016334
2479.75 0.00162993
2479.79 0.00162644
2479.83 0.00162302
2479.86 0.00161973
2479.9 0.00161659
2479.94 0.0016136
2479.98 0.00161075
2480.02 0.001608
2480.06 0.00160532
2480.09 0.00160266
2480.13 0.00159997
2480.17 0.0015972
2480.21 0.00159432
2480.25 0.00159129
2480.29 0.00158807
2480.33 0.00158464
2480.36 0.00158098
2480.4 0.00157706
2480.44 0.0015729
2480.48 0.00156849
2480.52 0.00156386
2480.56 0.00155908
2480.6 0.00155421
2480.63 0.00154936
2480.67 0.00154463
2480.71 0.00154013
2480.75 0.00153598
2480.79 0.00153225
2480.83 0.00152901
2480.86 0.00152626
2480.9 0.00152397
2480.94 0.00152207
2480.98 0.00152043
2481.02 0.00151892
2481.06 0.00151737
2481.1 0.00151561
2481.13 0.0015135
2481.17 0.0015109
2481.21 0.00150774
2481.25 0.00150397
2481.29 0.00149961
2481.33 0.0014947
2481.37 0.00148933
2481.4 0.00148364
2481.44 0.00147775
2481.48 0.0014718
2481.52 0.00146589
2481.56 0.00146013
2481.6 0.00145458
2481.64 0.00144928
2481.67 0.00144426
2481.71 0.00143951
2481.75 0.00143503
2481.79 0.00143079
2481.83 0.00142677
2481.87 0.00142296
2481.9 0.00141934
2481.94 0.00141587
2481.98 0.00141252
2482.02 0.00140925
2482.06 0.00140599
2482.1 0.00140268
2482.14 0.00139925
2482.17 0.00139562
2482.21 0.00139171
2482.25 0.00138748
2482.29 0.00138288
2482.33 0.00137788
2482.37 0.00137246
2482.41 0.00136665
2482.44 0.00136045
2482.48 0.0013539
2482.52 0.00134705
2482.56 0.00133993
2482.6 0.00133261
2482.64 0.00132514
2482.67 0.00131759
2482.71 0.00131002
2482.75 0.00130252
2482.79 0.00129514
2482.83 0.00128797
2482.87 0.00128107
2482.91 0.00127452
2482.94 0.00126839
2482.98 0.00126271
2483.02 0.00125752
2483.06 0.00125284
2483.1 0.00124866
2483.14 0.00124495
2483.18 0.00124166
2483.21 0.00123872
2483.25 0.00123601
2483.29 0.00123344
2483.33 0.00123089
2483.37 0.00122824
2483.41 0.0012254
2483.44 0.00122229
2483.48 0.00121885
2483.52 0.00121507
2483.56 0.00121094
2483.6 0.00120653
2483.64 0.00120189
2483.68 0.00119712
2483.71 0.00119231
2483.75 0.00118756
2483.79 0.00118298
2483.83 0.00117863
2483.87 0.00117458
2483.91 0.00117085
2483.95 0.00116745
2483.98 0.00116435
2484.02 0.00116149
2484.06 0.00115884
2484.1 0.00115631
2484.14 0.00115387
2484.18 0.00115147
2484.21 0.0011491
2484.25 0.00114678
2484.29 0.00114452
2484.33 0.00114237
2484.37 0.00114036
2484.41 0.00113854
2484.45 0.00113692
2484.48 0.00113551
2484.52 0.00113428
2484.56 0.00113318
2484.6 0.00113214
2484.64 0.00113107
2484.68 0.0011299
2484.72 0.00112855
2484.75 0.00112694
2484.79 0.00112503
2484.83 0.00112282
2484.87 0.00112029
2484.91 0.00111747
2484.95 0.00111441
2484.98 0.00111114
2485.02 0.00110772
2485.06 0.00110419
2485.1 0.00110057
2485.14 0.00109688
2485.18 0.00109314
2485.22 0.00108935
2485.25 0.0010855
2485.29 0.00108161
2485.33 0.00107769
2485.37 0.00107376
2485.41 0.00106986
2485.45 0.00106602
2485.49 0.0010623
2485.52 0.00105875
2485.56 0.0010554
2485.6 0.00105231
2485.64 0.0010495
2485.68 0.00104698
2485.72 0.00104475
2485.75 0.00104279
2485.79 0.00104107
2485.83 0.00103956
2485.87 0.0010382
2485.91 0.00103694
2485.95 0.00103571
2485.99 0.00103447
2486.02 0.00103314
2486.06 0.0010317
2486.1 0.0010301
2486.14 0.00102832
2486.18 0.00102636
2486.22 0.00102425
2486.26 0.001022
2486.29 0.00101968
2486.33 0.00101731
2486.37 0.00101495
2486.41 0.00101264
2486.45 0.00101043
2486.49 0.00100831
2486.52 0.00100631
2486.56 0.00100442
2486.6 0.00100263
2486.64 0.00100091
2486.68 0.000999259
2486.72 0.000997648
2486.76 0.000996065
2486.79 0.000994503
2486.83 0.000992958
2486.87 0.000991426
2486.91 0.000989912
2486.95 0.000988419
2486.99 0.000986947
2487.03 0.000985493
2487.06 0.000984062
2487.1 0.00098265
2487.14 0.000981253
2487.18 0.000979868
2487.22 0.000978498
2487.26 0.000977144
2487.29 0.000975819
2487.33 0.000974534
2487.37 0.000973314
2487.41 0.000972178
2487.45 0.000971155
2487.49 0.000970269
2487.53 0.000969542
2487.56 0.00096899
2487.6 0.000968622
2487.64 0.000968439
2487.68 0.000968433
2487.72 0.000968585
2487.76 0.000968876
2487.8 0.000969273
2487.83 0.000969754
2487.87 0.000970284
2487.91 0.000970845
2487.95 0.000971421
2487.99 0.000972006
2488.03 0.000972609
2488.06 0.000973249
2488.1 0.000973948
2488.14 0.000974744
2488.18 0.000975666
2488.22 0.000976747
2488.26 0.000978003
2488.3 0.000979436
2488.33 0.000981035
2488.37 0.000982767
2488.41 0.000984589
2488.45 0.000986439
2488.49 0.000988257
2488.53 0.000989985
2488.57 0.000991576
2488.6 0.000992992
2488.64 0.000994212
2488.68 0.00099524
2488.72 0.000996084
2488.76 0.000996764
2488.8 0.000997309
2488.83 0.000997741
2488.87 0.000998086
2488.91 0.000998363
2488.95 0.000998583
2488.99 0.000998762
2489.03 0.000998906
2489.07 0.000999022
2489.1 0.00099912
2489.14 0.000999213
2489.18 0.000999311
2489.22 0.000999423
2489.26 0.000999563
2489.3 0.000999742
2489.34 0.000999966
2489.37 0.00100024
2489.41 0.00100058
2489.45 0.00100097
2489.49 0.00100144
2489.53 0.00100197
2489.57 0.00100259
2489.6 0.00100328
2489.64 0.00100405
2489.68 0.00100491
2489.72 0.00100583
2489.76 0.0010068
2489.8 0.00100779
2489.84 0.00100876
2489.87 0.00100968
2489.91 0.0010105
2489.95 0.0010112
2489.99 0.00101176
2490.03 0.00101216
2490.07 0.00101244
2490.11 0.00101262
2490.14 0.00101276
2490.18 0.00101292
2490.22 0.00101317
2490.26 0.00101356
2490.3 0.00101414
2490.34 0.00101495
2490.37 0.00101599
2490.41 0.00101726
2490.45 0.00101871
2490.49 0.00102033
2490.53 0.00102205
2490.57 0.00102383
2490.61 0.00102563
2490.64 0.00102742
2490.68 0.00102916
2490.72 0.00103084
2490.76 0.00103243
2490.8 0.00103394
2490.84 0.00103535
2490.88 0.00103666
2490.91 0.00103787
2490.95 0.001039
2490.99 0.00104004
2491.03 0.00104103
2491.07 0.00104198
2491.11 0.00104294
2491.14 0.00104392
2491.18 0.00104498
2491.22 0.00104614
2491.26 0.00104742
2491.3 0.00104883
2491.34 0.00105037
2491.38 0.00105203
2491.41 0.00105376
2491.45 0.00105552
2491.49 0.00105726
2491.53 0.00105893
2491.57 0.00106046
2491.61 0.00106182
2491.64 0.00106296
2491.68 0.00106388
2491.72 0.00106455
2491.76 0.001065
2491.8 0.00106522
2491.84 0.00106526
2491.88 0.00106515
2491.91 0.00106492
2491.95 0.00106464
2491.99 0.00106433
2492.03 0.00106406
2492.07 0.00106386
2492.11 0.00106379
2492.15 0.00106387
2492.18 0.00106416
2492.22 0.00106465
2492.26 0.00106537
2492.3 0.00106632
2492.34 0.00106749
2492.38 0.00106885
2492.41 0.00107038
2492.45 0.00107204
2492.49 0.0010738
2492.53 0.00107562
2492.57 0.00107746
2492.61 0.00107931
2492.65 0.00108113
2492.68 0.00108292
2492.72 0.00108466
2492.76 0.00108634
2492.8 0.00108794
2492.84 0.00108945
2492.88 0.00109085
2492.92 0.00109213
2492.95 0.00109326
2492.99 0.00109422
2493.03 0.00109502
2493.07 0.00109565
2493.11 0.00109611
2493.15 0.00109642
2493.18 0.00109658
2493.22 0.00109661
2493.26 0.00109651
2493.3 0.0010963
2493.34 0.00109598
2493.38 0.00109555
2493.42 0.00109501
2493.45 0.00109437
2493.49 0.00109362
2493.53 0.00109278
2493.57 0.00109186
2493.61 0.00109089
2493.65 0.00108989
2493.69 0.0010889
2493.72 0.00108794
2493.76 0.00108706
2493.8 0.00108627
2493.84 0.00108563
2493.88 0.00108513
2493.92 0.00108479
2493.95 0.00108462
2493.99 0.00108461
2494.03 0.00108475
2494.07 0.00108501
2494.11 0.00108539
2494.15 0.00108586
2494.19 0.00108639
2494.22 0.00108698
2494.26 0.00108758
2494.3 0.00108819
2494.34 0.00108878
2494.38 0.00108931
2494.42 0.00108976
2494.46 0.00109009
2494.49 0.00109024
2494.53 0.00109018
2494.57 0.00108986
2494.61 0.00108925
2494.65 0.0010883
2494.69 0.001087
2494.72 0.00108537
2494.76 0.00108342
2494.8 0.0010812
2494.84 0.00107878
2494.88 0.00107626
2494.92 0.00107373
2494.96 0.00107133
2494.99 0.00106915
2495.03 0.00106732
2495.07 0.00106593
2495.11 0.00106506
2495.15 0.00106472
2495.19 0.00106494
2495.23 0.00106568
2495.26 0.00106686
2495.3 0.00106839
2495.34 0.00107014
2495.38 0.00107198
2495.42 0.00107376
2495.46 0.00107536
2495.49 0.00107668
2495.53 0.00107763
2495.57 0.00107816
2495.61 0.00107824
2495.65 0.00107789
2495.69 0.00107712
2495.73 0.00107596
2495.76 0.00107446
2495.8 0.00107267
2495.84 0.00107063
2495.88 0.0010684
2495.92 0.001066
2495.96 0.00106349
2496 0.00106088
2496.03 0.00105822
2496.07 0.00105552
2496.11 0.00105279
2496.15 0.00105004
2496.19 0.00104727
2496.23 0.00104445
2496.26 0.00104161
2496.3 0.00103873
2496.34 0.00103582
2496.38 0.00103291
2496.42 0.00103004
2496.46 0.00102724
2496.5 0.00102458
2496.53 0.00102211
2496.57 0.00101987
2496.61 0.00101792
2496.65 0.00101626
2496.69 0.00101494
2496.73 0.00101394
2496.77 0.00101328
2496.8 0.00101294
2496.84 0.00101293
2496.88 0.00101322
2496.92 0.0010138
2496.96 0.00101464
2497 0.0010157
2497.03 0.00101693
2497.07 0.00101826
2497.11 0.00101963
2497.15 0.00102096
2497.19 0.00102219
2497.23 0.00102326
2497.27 0.00102413
2497.3 0.00102477
2497.34 0.00102518
2497.38 0.00102536
2497.42 0.00102533
2497.46 0.00102509
2497.5 0.00102468
2497.54 0.00102411
2497.57 0.00102341
2497.61 0.00102259
2497.65 0.00102167
2497.69 0.00102063
2497.73 0.00101948
2497.77 0.00101821
2497.8 0.00101682
2497.84 0.00101531
2497.88 0.00101368
2497.92 0.00101195
2497.96 0.00101013
2498 0.00100825
2498.04 0.0010063
2498.07 0.00100431
2498.11 0.00100228
2498.15 0.00100019
2498.19 0.000998036
2498.23 0.000995818
2498.27 0.000993528
2498.31 0.000991174
2498.34 0.00098877
2498.38 0.000986344
2498.42 0.000983923
2498.46 0.000981523
2498.5 0.000979167
2498.54 0.000976849
2498.57 0.000974547
2498.61 0.00097222
2498.65 0.000969816
2498.69 0.000967275
2498.73 0.000964526
2498.77 0.000961513
2498.81 0.000958183
2498.84 0.000954507
2498.88 0.000950479
2498.92 0.00094611
2498.96 0.00094145
2499 0.00093657
2499.04 0.000931566
2499.08 0.000926563
2499.11 0.000921697
2499.15 0.000917108
2499.19 0.000912939
2499.23 0.000909304
2499.27 0.000906299
2499.31 0.000903982
2499.34 0.000902367
2499.38 0.000901422
2499.42 0.00090109
2499.46 0.000901275
2499.5 0.000901872
2499.54 0.000902766
2499.58 0.000903847
2499.61 0.000905014
2499.65 0.000906174
2499.69 0.000907249
2499.73 0.00090816
2499.77 0.000908838
2499.81 0.000909214
2499.85 0.000909216
2499.88 0.000908784
2499.92 0.000907852
2499.96 0.000906376
2500 0.000904334
2500.04 0.000901722
2500.08 0.000898561
2500.11 0.000894907
2500.15 0.000890846
2500.19 0.000886473
2500.23 0.000881907
2500.27 0.000877274
2500.31 0.000872697
2500.35 0.000868282
2500.38 0.000864127
2500.42 0.000860301
2500.46 0.000856853
