2462 1.11308e-57
2462.04 3.33433e-57
2462.08 9.93885e-57
2462.12 2.94813e-56
2462.15 8.70237e-56
2462.19 2.55634e-55
2462.23 7.47197e-55
2462.27 2.1734e-54
2462.31 6.29097e-54
2462.35 1.81202e-53
2462.39 5.1937e-53
2462.42 1.48141e-52
2462.46 4.20464e-52
2462.5 1.18761e-51
2462.54 3.33802e-51
2462.58 9.3361e-51
2462.62 2.59843e-50
2462.65 7.19677e-50
2462.69 1.98352e-49
2462.73 5.44009e-49
2462.77 1.48472e-48
2462.81 4.03243e-48
2462.85 1.08979e-47
2462.89 2.93078e-47
2462.92 7.84397e-47
2462.96 2.08896e-46
2463 5.53601e-46
2463.04 1.46e-45
2463.08 3.83145e-45
2463.12 1.00059e-44
2463.16 2.60016e-44
2463.19 6.72452e-44
2463.23 1.73046e-43
2463.27 4.43148e-43
2463.31 1.12924e-42
2463.35 2.86356e-42
2463.39 7.22618e-42
2463.42 1.81457e-41
2463.46 4.53432e-41
2463.5 1.12752e-40
2463.54 2.7901e-40
2463.58 6.87007e-40
2463.62 1.68343e-39
2463.66 4.10472e-39
2463.69 9.96031e-39
2463.73 2.40499e-38
2463.77 5.7788e-38
2463.81 1.38171e-37
2463.85 3.28754e-37
2463.89 7.78438e-37
2463.93 1.83412e-36
2463.96 4.30034e-36
2464 1.00337e-35
2464.04 2.32961e-35
2464.08 5.38254e-35
2464.12 1.23751e-34
2464.16 2.83136e-34
2464.19 6.44609e-34
2464.23 1.46048e-33
2464.27 3.29262e-33
2464.31 7.38734e-33
2464.35 1.64926e-32
2464.39 3.66408e-32
2464.43 8.10055e-32
2464.46 1.78212e-31
2464.5 3.90162e-31
2464.54 8.49959e-31
2464.58 1.84267e-30
2464.62 3.97519e-30
2464.66 8.53397e-30
2464.7 1.82309e-29
2464.73 3.87554e-29
2464.77 8.19868e-29
2464.81 1.72593e-28
2464.85 3.61561e-28
2464.89 7.53696e-28
2464.93 1.5635e-27
2464.96 3.22747e-27
2465 6.63019e-27
2465.04 1.35531e-26
2465.08 2.7569e-26
2465.12 5.58072e-26
2465.16 1.12418e-25
2465.2 2.25345e-25
2465.23 4.495e-25
2465.27 8.92265e-25
2465.31 1.76251e-24
2465.35 3.46453e-24
2465.39 6.77687e-24
2465.43 1.3191e-23
2465.47 2.55507e-23
2465.5 4.92515e-23
2465.54 9.4471e-23
2465.58 1.80323e-22
2465.62 3.42524e-22
2465.66 6.47421e-22
2465.7 1.21777e-21
2465.73 2.27937e-21
2465.77 4.24572e-21
2465.81 7.86963e-21
2465.85 1.45153e-20
2465.89 2.66435e-20
2465.93 4.86647e-20
2465.97 8.84556e-20
2466 1.59995e-19
2466.04 2.87983e-19
2466.08 5.1582e-19
2466.12 9.19418e-19
2466.16 1.63081e-18
2466.2 2.87851e-18
2466.24 5.05613e-18
2466.27 8.83773e-18
2466.31 1.53725e-17
2466.35 2.66089e-17
2466.39 4.58336e-17
2466.43 7.85609e-17
2466.47 1.34006e-16
2466.5 2.27467e-16
2466.54 3.84223e-16
2466.58 6.45857e-16
2466.62 1.08038e-15
2466.66 1.7984e-15
2466.7 2.97914e-15
2466.74 4.91072e-15
2466.77 8.05596e-15
2466.81 1.31507e-14
2466.85 2.13633e-14
2466.89 3.45369e-14
2466.93 5.55602e-14
2466.97 8.89483e-14
2467.01 1.41707e-13
2467.04 2.24662e-13
2467.08 3.5446e-13
2467.12 5.56511e-13
2467.16 8.69507e-13
2467.2 1.35193e-12
2467.24 2.09185e-12
2467.27 3.22107e-12
2467.31 4.93572e-12
2467.35 7.52639e-12
2467.39 1.14215e-11
2467.43 1.72483e-11
2467.47 2.59216e-11
2467.51 3.87675e-11
2467.54 5.76999e-11
2467.58 8.5463e-11
2467.62 1.25972e-10
2467.66 1.84786e-10
2467.7 2.69735e-10
2467.74 3.91871e-10
2467.78 5.66548e-10
2467.81 8.1513e-10
2467.85 1.16714e-09
2467.89 1.6631e-09
2467.93 2.35842e-09
2467.97 3.32845e-09
2468.01 4.67456e-09
2468.04 6.534e-09
2468.08 9.08889e-09
2468.12 1.25825e-08
2468.16 1.73353e-08
2468.2 2.3769e-08
2468.24 3.24336e-08
2468.28 4.40483e-08
2468.31 5.95329e-08
2468.35 8.00813e-08
2468.39 1.07204e-07
2468.43 1.42831e-07
2468.47 1.89396e-07
2468.51 2.49944e-07
2468.55 3.28283e-07
2468.58 4.29141e-07
2468.62 5.58315e-07
2468.66 7.22935e-07
2468.7 9.31658e-07
2468.74 1.19501e-06
2468.78 1.52557e-06
2468.81 1.93836e-06
2468.85 2.45134e-06
2468.89 3.08542e-06
2468.93 3.86557e-06
2468.97 4.82014e-06
2469.01 5.9822e-06
2469.05 7.39012e-06
2469.08 9.08649e-06
2469.12 1.11208e-05
2469.16 1.35471e-05
2469.2 1.64262e-05
2469.24 1.98252e-05
2469.28 2.38175e-05
2469.32 2.84816e-05
2469.35 3.39024e-05
2469.39 4.01703e-05
2469.43 4.73793e-05
2469.47 5.56246e-05
2469.51 6.50096e-05
2469.55 7.56325e-05
2469.58 8.75915e-05
2469.62 0.000100984
2469.66 0.000115897
2469.7 0.000132413
2469.74 0.000150604
2469.78 0.000170532
2469.82 0.000192229
2469.85 0.000215725
2469.89 0.000241023
2469.93 0.000268094
2469.97 0.000296895
2470.01 0.000327353
2470.05 0.000359362
2470.09 0.000392773
2470.12 0.000427455
2470.16 0.000463215
2470.2 0.000499796
2470.24 0.000537002
2470.28 0.000574547
2470.32 0.000612153
2470.35 0.000649547
2470.39 0.0006864
2470.43 0.000722432
2470.47 0.000757364
2470.51 0.000790914
2470.55 0.000822784
2470.59 0.000852761
2470.62 0.000880616
2470.66 0.000906257
2470.7 0.000929481
2470.74 0.000950243
2470.78 0.000968571
2470.82 0.000984478
2470.86 0.000998064
2470.89 0.00100947
2470.93 0.00101897
2470.97 0.00102683
2471.01 0.00103337
2471.05 0.00103904
2471.09 0.00104422
2471.12 0.00104942
2471.16 0.0010552
2471.2 0.00106201
2471.24 0.00107052
2471.28 0.00108125
2471.32 0.0010948
2471.36 0.00111172
2471.39 0.00113257
2471.43 0.00115784
2471.47 0.00118808
2471.51 0.00122371
2471.55 0.00126511
2471.59 0.00131262
2471.62 0.00136654
2471.66 0.00142699
2471.7 0.00149416
2471.74 0.00156803
2471.78 0.00164859
2471.82 0.00173568
2471.86 0.00182913
2471.89 0.00192856
2471.93 0.00203365
2471.97 0.00214381
2472.01 0.00225856
2472.05 0.00237715
2472.09 0.00249897
2472.13 0.00262323
2472.16 0.00274897
2472.2 0.00287537
2472.24 0.00300145
2472.28 0.00312623
2472.32 0.00324873
2472.36 0.00336793
2472.39 0.00348276
2472.43 0.0035923
2472.47 0.00369555
2472.51 0.0037916
2472.55 0.00387951
2472.59 0.00395861
2472.63 0.00402808
2472.66 0.00408731
2472.7 0.0041358
2472.74 0.0041731
2472.78 0.00419894
2472.82 0.00421311
2472.86 0.00421556
2472.9 0.00420635
2472.93 0.00418568
2472.97 0.0041538
2473.01 0.00411121
2473.05 0.00405832
2473.09 0.00399577
2473.13 0.00392426
2473.16 0.00384453
2473.2 0.00375741
2473.24 0.00366367
2473.28 0.0035643
2473.32 0.00346011
2473.36 0.00335201
2473.4 0.00324087
2473.43 0.00312757
2473.47 0.00301289
2473.51 0.00289761
2473.55 0.00278249
2473.59 0.00266816
2473.63 0.00255527
2473.67 0.00244437
2473.7 0.00233586
2473.74 0.00223026
2473.78 0.00212792
2473.82 0.00202902
2473.86 0.00193393
2473.9 0.00184278
2473.93 0.00175565
2473.97 0.00167274
2474.01 0.001594
2474.05 0.00151952
2474.09 0.00144925
2474.13 0.0013831
2474.17 0.00132108
2474.2 0.00126306
2474.24 0.00120894
2474.28 0.00115861
2474.32 0.00111195
2474.36 0.00106882
2474.4 0.00102909
2474.44 0.000992618
2474.47 0.00095926
2474.51 0.000928877
2474.55 0.000901321
2474.59 0.000876448
2474.63 0.000854113
2474.67 0.000834174
2474.7 0.000816491
2474.74 0.000800922
2474.78 0.00078733
2474.82 0.000775587
2474.86 0.000765541
2474.9 0.000757082
2474.94 0.000750071
2474.97 0.000744387
2475.01 0.000739909
2475.05 0.000736517
2475.09 0.000734108
2475.13 0.000732574
2475.17 0.000731807
2475.21 0.00073172
2475.24 0.000732224
2475.28 0.000733238
2475.32 0.000734689
2475.36 0.000736512
2475.4 0.00073865
2475.44 0.000741058
2475.47 0.000743688
2475.51 0.000746515
2475.55 0.000749503
2475.59 0.000752647
2475.63 0.000755931
2475.67 0.000759359
2475.71 0.00076292
2475.74 0.000766635
2475.78 0.000770502
2475.82 0.000774553
2475.86 0.000778792
2475.9 0.000783248
2475.94 0.000787934
2475.98 0.000792879
2476.01 0.000798101
2476.05 0.000803616
2476.09 0.000809443
2476.13 0.000815598
2476.17 0.000822085
2476.21 0.000828926
2476.24 0.000836104
2476.28 0.00084364
2476.32 0.000851519
2476.36 0.000859721
2476.4 0.000868259
2476.44 0.000877098
2476.48 0.000886226
2476.51 0.00089561
2476.55 0.000905233
2476.59 0.000915064
2476.63 0.000925067
2476.67 0.000935221
2476.71 0.000945478
2476.75 0.000955808
2476.78 0.000966178
2476.82 0.000976546
2476.86 0.000986876
2476.9 0.000997135
2476.94 0.00100729
2476.98 0.00101731
2477.01 0.00102714
2477.05 0.00103678
2477.09 0.00104617
2477.13 0.0010553
2477.17 0.00106413
2477.21 0.00107265
2477.25 0.00108082
2477.28 0.00108864
2477.32 0.00109608
2477.36 0.00110313
2477.4 0.00110978
2477.44 0.00111601
2477.48 0.00112182
2477.52 0.00112721
2477.55 0.00113219
2477.59 0.00113676
2477.63 0.00114092
2477.67 0.00114469
2477.71 0.00114809
2477.75 0.00115113
2477.78 0.00115384
2477.82 0.00115624
2477.86 0.00115836
2477.9 0.00116022
2477.94 0.00116185
2477.98 0.00116329
2478.02 0.00116456
2478.05 0.00116569
2478.09 0.00116672
2478.13 0.00116766
2478.17 0.00116855
2478.21 0.0011694
2478.25 0.00117025
2478.29 0.00117109
2478.32 0.00117195
2478.36 0.00117284
2478.4 0.00117377
2478.44 0.00117473
2478.48 0.00117574
2478.52 0.00117679
2478.55 0.00117787
2478.59 0.00117898
2478.63 0.00118012
2478.67 0.00118128
2478.71 0.00118243
2478.75 0.00118359
2478.79 0.00118472
2478.82 0.00118582
2478.86 0.00118689
2478.9 0.0011879
2478.94 0.00118886
2478.98 0.00118975
2479.02 0.00119057
2479.06 0.00119131
2479.09 0.00119195
2479.13 0.0011925
2479.17 0.00119296
2479.21 0.00119333
2479.25 0.00119358
2479.29 0.00119375
2479.32 0.00119381
2479.36 0.00119376
2479.4 0.00119362
2479.44 0.00119338
2479.48 0.00119303
2479.52 0.0011926
2479.56 0.00119208
2479.59 0.00119147
2479.63 0.00119077
2479.67 0.00119001
2479.71 0.00118917
2479.75 0.00118827
2479.79 0.00118732
2479.83 0.00118633
2479.86 0.0011853
2479.9 0.00118423
2479.94 0.00118315
2479.98 0.00118205
2480.02 0.00118097
2480.06 0.00117988
2480.09 0.00117881
2480.13 0.00117776
2480.17 0.00117674
2480.21 0.00117575
2480.25 0.00117481
2480.29 0.00117391
2480.33 0.00117305
2480.36 0.00117223
2480.4 0.00117146
2480.44 0.00117072
2480.48 0.00117003
2480.52 0.00116938
2480.56 0.00116876
2480.6 0.00116816
2480.63 0.0011676
2480.67 0.00116705
2480.71 0.00116653
2480.75 0.00116602
2480.79 0.00116552
2480.83 0.00116503
2480.86 0.00116456
2480.9 0.0011641
2480.94 0.00116366
2480.98 0.00116323
2481.02 0.00116282
2481.06 0.00116244
2481.1 0.00116208
2481.13 0.00116175
2481.17 0.00116146
2481.21 0.00116122
2481.25 0.00116101
2481.29 0.00116085
2481.33 0.00116074
2481.37 0.00116068
2481.4 0.00116066
2481.44 0.00116069
2481.48 0.00116075
2481.52 0.00116085
2481.56 0.00116098
2481.6 0.00116112
2481.64 0.00116128
2481.67 0.00116142
2481.71 0.00116155
2481.75 0.00116164
2481.79 0.00116169
2481.83 0.00116166
2481.87 0.00116157
2481.9 0.00116137
2481.94 0.00116106
2481.98 0.00116062
2482.02 0.00116005
2482.06 0.00115932
2482.1 0.00115844
2482.14 0.00115739
2482.17 0.00115616
2482.21 0.00115476
2482.25 0.00115317
2482.29 0.00115141
2482.33 0.00114948
2482.37 0.00114739
2482.41 0.00114513
2482.44 0.00114275
2482.48 0.00114024
2482.52 0.00113762
2482.56 0.00113493
2482.6 0.00113217
2482.64 0.00112938
2482.67 0.00112658
2482.71 0.00112381
2482.75 0.00112108
2482.79 0.00111843
2482.83 0.0011159
2482.87 0.00111349
2482.91 0.00111125
2482.94 0.0011092
2482.98 0.00110737
2483.02 0.00110577
2483.06 0.00110443
2483.1 0.00110337
2483.14 0.00110259
2483.18 0.00110211
2483.21 0.00110194
2483.25 0.00110208
2483.29 0.00110254
2483.33 0.0011033
2483.37 0.00110436
2483.41 0.00110571
2483.44 0.00110735
2483.48 0.00110925
2483.52 0.00111138
2483.56 0.00111374
2483.6 0.0011163
2483.64 0.00111901
2483.68 0.00112188
2483.71 0.00112485
2483.75 0.0011279
2483.79 0.001131
2483.83 0.00113412
2483.87 0.00113722
2483.91 0.00114027
2483.95 0.00114325
2483.98 0.00114611
2484.02 0.00114884
2484.06 0.00115141
2484.1 0.00115378
2484.14 0.00115595
2484.18 0.00115788
2484.21 0.00115955
2484.25 0.00116097
2484.29 0.00116211
2484.33 0.00116295
2484.37 0.00116351
2484.41 0.00116377
2484.45 0.00116374
2484.48 0.00116341
2484.52 0.00116281
2484.56 0.00116195
2484.6 0.00116081
2484.64 0.00115945
2484.68 0.00115786
2484.72 0.00115608
2484.75 0.00115412
2484.79 0.00115202
2484.83 0.0011498
2484.87 0.00114749
2484.91 0.00114511
2484.95 0.00114271
2484.98 0.0011403
2485.02 0.00113792
2485.06 0.0011356
2485.1 0.00113335
2485.14 0.00113122
2485.18 0.00112922
2485.22 0.00112738
2485.25 0.00112571
2485.29 0.00112425
2485.33 0.00112299
2485.37 0.00112196
2485.41 0.00112118
2485.45 0.00112064
2485.49 0.00112036
2485.52 0.00112036
2485.56 0.00112062
2485.6 0.00112115
2485.64 0.00112195
2485.68 0.00112304
2485.72 0.00112438
2485.75 0.001126
2485.79 0.00112789
2485.83 0.00113003
2485.87 0.00113243
2485.91 0.00113507
2485.95 0.00113795
2485.99 0.00114106
2486.02 0.00114439
2486.06 0.00114794
2486.1 0.00115168
2486.14 0.00115561
2486.18 0.00115972
2486.22 0.00116398
2486.26 0.0011684
2486.29 0.00117294
2486.33 0.0011776
2486.37 0.00118235
2486.41 0.00118717
2486.45 0.00119205
2486.49 0.00119695
2486.52 0.00120186
2486.56 0.00120674
2486.6 0.00121156
2486.64 0.00121632
2486.68 0.00122096
2486.72 0.00122547
2486.76 0.00122981
2486.79 0.00123396
2486.83 0.00123788
2486.87 0.00124155
2486.91 0.00124495
2486.95 0.00124804
2486.99 0.0012508
2487.03 0.00125323
2487.06 0.00125529
2487.1 0.00125697
2487.14 0.00125828
2487.18 0.00125919
2487.22 0.0012597
2487.26 0.00125983
2487.29 0.00125956
2487.33 0.00125891
2487.37 0.00125789
2487.41 0.00125651
2487.45 0.0012548
2487.49 0.00125277
2487.53 0.00125046
2487.56 0.00124788
2487.6 0.00124506
2487.64 0.00124203
2487.68 0.00123883
2487.72 0.00123549
2487.76 0.00123203
2487.8 0.00122849
2487.83 0.00122489
2487.87 0.00122128
2487.91 0.00121768
2487.95 0.00121412
2487.99 0.00121063
2488.03 0.00120722
2488.06 0.00120393
2488.1 0.00120078
2488.14 0.00119778
2488.18 0.00119497
2488.22 0.00119234
2488.26 0.00118993
2488.3 0.00118773
2488.33 0.00118577
2488.37 0.00118405
2488.41 0.00118257
2488.45 0.00118135
2488.49 0.00118039
2488.53 0.00117969
2488.57 0.00117925
2488.6 0.00117907
2488.64 0.00117915
2488.68 0.00117948
2488.72 0.00118006
2488.76 0.00118089
2488.8 0.00118194
2488.83 0.00118321
2488.87 0.00118471
2488.91 0.00118639
2488.95 0.00118827
2488.99 0.00119031
2489.03 0.0011925
2489.07 0.00119484
2489.1 0.00119729
2489.14 0.00119984
2489.18 0.00120247
2489.22 0.00120517
2489.26 0.00120791
2489.3 0.00121068
2489.34 0.00121345
2489.37 0.00121621
2489.41 0.00121895
2489.45 0.00122164
2489.49 0.00122427
2489.53 0.00122683
2489.57 0.00122931
2489.6 0.00123169
2489.64 0.00123396
2489.68 0.00123612
2489.72 0.00123816
2489.76 0.00124008
2489.8 0.00124188
2489.84 0.00124354
2489.87 0.00124507
2489.91 0.00124648
2489.95 0.00124776
2489.99 0.00124891
2490.03 0.00124994
2490.07 0.00125086
2490.11 0.00125165
2490.14 0.00125233
2490.18 0.00125291
2490.22 0.00125338
2490.26 0.00125375
2490.3 0.00125403
2490.34 0.00125422
2490.37 0.00125431
2490.41 0.00125431
2490.45 0.00125423
2490.49 0.00125407
2490.53 0.00125382
2490.57 0.0012535
2490.61 0.0012531
2490.64 0.00125262
2490.68 0.00125206
2490.72 0.00125144
2490.76 0.00125074
2490.8 0.00124998
2490.84 0.00124915
2490.88 0.00124827
2490.91 0.00124733
2490.95 0.00124633
2490.99 0.00124529
2491.03 0.00124421
2491.07 0.00124308
2491.11 0.00124193
2491.14 0.00124075
2491.18 0.00123956
2491.22 0.00123834
2491.26 0.00123712
2491.3 0.0012359
2491.34 0.00123468
2491.38 0.00123347
2491.41 0.00123227
2491.45 0.0012311
2491.49 0.00122994
2491.53 0.00122882
2491.57 0.00122772
2491.61 0.00122666
2491.64 0.00122562
2491.68 0.00122463
2491.72 0.00122368
2491.76 0.00122276
2491.8 0.00122188
2491.84 0.00122104
2491.88 0.00122024
2491.91 0.00121949
2491.95 0.00121877
2491.99 0.00121809
2492.03 0.00121745
2492.07 0.00121685
2492.11 0.00121629
2492.15 0.00121576
2492.18 0.00121527
2492.22 0.00121482
2492.26 0.0012144
2492.3 0.00121402
2492.34 0.00121367
2492.38 0.00121336
2492.41 0.00121309
2492.45 0.00121285
2492.49 0.00121265
2492.53 0.00121247
2492.57 0.00121234
2492.61 0.00121224
2492.65 0.00121217
2492.68 0.00121213
2492.72 0.00121212
2492.76 0.00121213
2492.8 0.00121218
2492.84 0.00121224
2492.88 0.00121233
2492.92 0.00121244
2492.95 0.00121256
2492.99 0.00121269
2493.03 0.00121283
2493.07 0.00121296
2493.11 0.00121309
2493.15 0.00121321
2493.18 0.00121331
2493.22 0.00121338
2493.26 0.00121342
2493.3 0.00121342
2493.34 0.00121336
2493.38 0.00121325
2493.42 0.00121308
2493.45 0.00121283
2493.49 0.0012125
2493.53 0.00121209
2493.57 0.00121158
2493.61 0.00121096
2493.65 0.00121025
2493.69 0.00120941
2493.72 0.00120846
2493.76 0.0012074
2493.8 0.0012062
2493.84 0.00120489
2493.88 0.00120346
2493.92 0.0012019
2493.95 0.00120022
2493.99 0.00119842
2494.03 0.00119651
2494.07 0.00119449
2494.11 0.00119236
2494.15 0.00119014
2494.19 0.00118783
2494.22 0.00118543
2494.26 0.00118297
2494.3 0.00118043
2494.34 0.00117783
2494.38 0.00117519
2494.42 0.0011725
2494.46 0.00116978
2494.49 0.00116704
2494.53 0.00116429
2494.57 0.00116153
2494.61 0.00115878
2494.65 0.00115604
2494.69 0.00115331
2494.72 0.00115061
2494.76 0.00114794
2494.8 0.0011453
2494.84 0.00114272
2494.88 0.00114019
2494.92 0.00113771
2494.96 0.00113528
2494.99 0.00113293
2495.03 0.00113064
2495.07 0.00112843
2495.11 0.0011263
2495.15 0.00112424
2495.19 0.00112227
2495.23 0.00112037
2495.26 0.00111856
2495.3 0.00111684
2495.34 0.00111521
2495.38 0.00111366
2495.42 0.0011122
2495.46 0.00111082
2495.49 0.00110953
2495.53 0.00110833
2495.57 0.0011072
2495.61 0.00110616
2495.65 0.00110519
2495.69 0.0011043
2495.73 0.00110347
2495.76 0.00110271
2495.8 0.00110202
2495.84 0.00110138
2495.88 0.00110078
2495.92 0.00110024
2495.96 0.00109974
2496 0.00109927
2496.03 0.00109883
2496.07 0.00109841
2496.11 0.00109801
2496.15 0.00109762
2496.19 0.00109723
2496.23 0.00109685
2496.26 0.00109646
2496.3 0.00109605
2496.34 0.00109563
2496.38 0.00109519
2496.42 0.00109472
2496.46 0.00109422
2496.5 0.00109369
2496.53 0.00109311
2496.57 0.0010925
2496.61 0.00109185
2496.65 0.00109115
2496.69 0.0010904
2496.73 0.00108961
2496.77 0.00108877
2496.8 0.00108788
2496.84 0.00108694
2496.88 0.00108596
2496.92 0.00108493
2496.96 0.00108386
2497 0.00108275
2497.03 0.00108161
2497.07 0.00108043
2497.11 0.00107922
2497.15 0.00107799
2497.19 0.00107674
2497.23 0.00107548
2497.27 0.00107421
2497.3 0.00107294
2497.34 0.00107167
2497.38 0.00107041
2497.42 0.00106917
2497.46 0.00106795
2497.5 0.00106675
2497.54 0.00106558
2497.57 0.00106445
2497.61 0.00106336
2497.65 0.00106232
2497.69 0.00106132
2497.73 0.00106037
2497.77 0.00105948
2497.8 0.00105863
2497.84 0.00105785
2497.88 0.00105712
2497.92 0.00105644
2497.96 0.00105582
2498 0.00105525
2498.04 0.00105473
2498.07 0.00105427
2498.11 0.00105384
2498.15 0.00105347
2498.19 0.00105313
2498.23 0.00105283
2498.27 0.00105257
2498.31 0.00105234
2498.34 0.00105214
2498.38 0.00105196
2498.42 0.00105181
2498.46 0.00105167
2498.5 0.00105156
2498.54 0.00105145
2498.57 0.00105136
2498.61 0.00105128
2498.65 0.0010512
2498.69 0.00105112
2498.73 0.00105105
2498.77 0.00105097
2498.81 0.00105089
2498.84 0.0010508
2498.88 0.0010507
2498.92 0.0010506
2498.96 0.00105048
2499 0.00105034
2499.04 0.0010502
2499.08 0.00105003
2499.11 0.00104985
2499.15 0.00104966
2499.19 0.00104945
2499.23 0.00104922
2499.27 0.00104898
2499.31 0.00104873
2499.34 0.00104845
2499.38 0.00104818
2499.42 0.0010479
2499.46 0.00104761
2499.5 0.00104733
2499.54 0.00104704
2499.58 0.00104676
2499.61 0.00104648
2499.65 0.00104621
2499.69 0.00104596
2499.73 0.00104572
2499.77 0.0010455
2499.81 0.0010453
2499.85 0.00104513
2499.88 0.00104498
2499.92 0.00104485
2499.96 0.00104475
2500 0.00104467
2500.04 0.00104462
2500.08 0.00104461
2500.11 0.00104461
2500.15 0.00104464
2500.19 0.00104471
2500.23 0.00104479
2500.27 0.0010449
2500.31 0.00104503
2500.35 0.00104518
2500.38 0.00104536
2500.42 0.00104555
2500.46 0.00104576
