2462 6.27685e-100
2462.04 3.95274e-99
2462.08 2.47009e-98
2462.12 1.53191e-97
2462.15 9.4275e-97
2462.19 5.75777e-96
2462.23 3.48973e-95
2462.27 2.09892e-94
2462.31 1.25277e-93
2462.35 7.42053e-93
2462.39 4.36185e-92
2462.42 2.54438e-91
2462.46 1.47286e-90
2462.5 8.46106e-90
2462.54 4.82345e-89
2462.58 2.72882e-88
2462.62 1.53201e-87
2462.65 8.53551e-87
2462.69 4.7192e-86
2462.73 2.58929e-85
2462.77 1.40984e-84
2462.81 7.61813e-84
2462.85 4.08503e-83
2462.89 2.17376e-82
2462.92 1.1479e-81
2462.96 6.01576e-81
2463 3.1285e-80
2463.04 1.61462e-79
2463.08 8.26933e-79
2463.12 4.20292e-78
2463.16 2.11985e-77
2463.19 1.06103e-76
2463.23 5.27043e-76
2463.27 2.59795e-75
2463.31 1.27081e-74
2463.35 6.16921e-74
2463.39 2.97201e-73
2463.42 1.42082e-72
2463.46 6.74075e-72
2463.5 3.17359e-71
2463.54 1.48278e-70
2463.58 6.87504e-70
2463.62 3.1634e-69
2463.66 1.44444e-68
2463.69 6.54536e-68
2463.73 2.94332e-67
2463.77 1.3135e-66
2463.81 5.81678e-66
2463.85 2.55639e-65
2463.89 1.11487e-64
2463.93 4.8254e-64
2463.96 2.07253e-63
2464 8.83385e-63
2464.04 3.73658e-62
2464.08 1.56851e-61
2464.12 6.53367e-61
2464.16 2.7009e-60
2464.19 1.10801e-59
2464.23 4.5109e-59
2464.27 1.82246e-58
2464.31 7.30679e-58
2464.35 2.90719e-57
2464.39 1.14789e-56
2464.43 4.49787e-56
2464.46 1.74902e-55
2464.5 6.74917e-55
2464.54 2.58454e-54
2464.58 9.82235e-54
2464.62 3.70427e-53
2464.66 1.38639e-52
2464.7 5.14911e-52
2464.73 1.89786e-51
2464.77 6.94183e-51
2464.81 2.51978e-50
2464.85 9.07676e-50
2464.89 3.24472e-49
2464.93 1.15105e-48
2464.96 4.05247e-48
2465 1.41581e-47
2465.04 4.90875e-47
2465.08 1.68898e-46
2465.12 5.76691e-46
2465.16 1.95414e-45
2465.2 6.5711e-45
2465.23 2.19284e-44
2465.27 7.26202e-44
2465.31 2.38664e-43
2465.35 7.78381e-43
2465.39 2.5193e-42
2465.43 8.09197e-42
2465.47 2.57933e-41
2465.5 8.15904e-41
2465.54 2.56124e-40
2465.58 7.979e-40
2465.62 2.46677e-39
2465.66 7.56808e-39
2465.7 2.30422e-38
2465.73 6.96236e-38
2465.77 2.08768e-37
2465.81 6.21224e-37
2465.85 1.83452e-36
2465.89 5.37619e-36
2465.93 1.56355e-35
2465.97 4.51272e-35
2466 1.29256e-34
2466.04 3.6739e-34
2466.08 1.0363e-33
2466.12 2.90107e-33
2466.16 8.0593e-33
2466.2 2.22193e-32
2466.24 6.07899e-32
2466.27 1.65051e-31
2466.31 4.44744e-31
2466.35 1.18927e-30
2466.39 3.15595e-30
2466.43 8.31116e-30
2466.47 2.17213e-29
2466.5 5.63376e-29
2466.54 1.45012e-28
2466.58 3.70404e-28
2466.62 9.38962e-28
2466.66 2.36218e-27
2466.7 5.89731e-27
2466.74 1.46117e-26
2466.77 3.59263e-26
2466.81 8.76644e-26
2466.85 2.12285e-25
2466.89 5.1017e-25
2466.93 1.21676e-24
2466.97 2.87981e-24
2467.01 6.76434e-24
2467.04 1.57676e-23
2467.08 3.64763e-23
2467.12 8.37426e-23
2467.16 1.908e-22
2467.2 4.31408e-22
2467.24 9.68021e-22
2467.27 2.15572e-21
2467.31 4.7642e-21
2467.35 1.04491e-20
2467.39 2.2744e-20
2467.43 4.91297e-20
2467.47 1.05325e-19
2467.51 2.24072e-19
2467.54 4.73096e-19
2467.58 9.91281e-19
2467.62 2.06138e-18
2467.66 4.25416e-18
2467.7 8.71294e-18
2467.74 1.771e-17
2467.78 3.57238e-17
2467.81 7.15159e-17
2467.85 1.42081e-16
2467.89 2.80154e-16
2467.93 5.48199e-16
2467.97 1.06464e-15
2468.01 2.05176e-15
2468.04 3.92454e-15
2468.08 7.44961e-15
2468.12 1.40344e-14
2468.16 2.62392e-14
2468.2 4.8687e-14
2468.24 8.96555e-14
2468.28 1.63855e-13
2468.31 2.97183e-13
2468.35 5.34951e-13
2468.39 9.55679e-13
2468.43 1.69436e-12
2468.47 2.98136e-12
2468.51 5.20634e-12
2468.55 9.02317e-12
2468.58 1.55199e-11
2468.62 2.64942e-11
2468.66 4.48857e-11
2468.7 7.54707e-11
2468.74 1.25943e-10
2468.78 2.08573e-10
2468.81 3.42826e-10
2468.85 5.59238e-10
2468.89 9.05396e-10
2468.93 1.45481e-09
2468.97 2.31989e-09
2469.01 3.67169e-09
2469.05 5.76741e-09
2469.08 8.99104e-09
2469.12 1.39109e-08
2469.16 2.13615e-08
2469.2 3.25558e-08
2469.24 4.92421e-08
2469.28 7.39224e-08
2469.32 1.10138e-07
2469.35 1.62862e-07
2469.39 2.39015e-07
2469.43 3.48147e-07
2469.47 5.033e-07
2469.51 7.22134e-07
2469.55 1.02835e-06
2469.58 1.45343e-06
2469.62 2.03869e-06
2469.66 2.8384e-06
2469.7 3.92204e-06
2469.74 5.37875e-06
2469.78 7.32124e-06
2469.82 9.8907e-06
2469.85 1.32616e-05
2469.89 1.76488e-05
2469.93 2.33106e-05
2469.97 3.05586e-05
2470.01 3.97617e-05
2470.05 5.13479e-05
2470.09 6.58144e-05
2470.12 8.37268e-05
2470.16 0.000105718
2470.2 0.000132489
2470.24 0.000164799
2470.28 0.000203456
2470.32 0.0002493
2470.35 0.000303208
2470.39 0.000366013
2470.43 0.000438538
2470.47 0.000521512
2470.51 0.000615571
2470.55 0.000721182
2470.59 0.000838615
2470.62 0.000967922
2470.66 0.00110885
2470.7 0.00126088
2470.74 0.00142309
2470.78 0.00159422
2470.82 0.00177277
2470.86 0.00195665
2470.89 0.00214364
2470.93 0.00233115
2470.97 0.00251641
2471.01 0.00269629
2471.05 0.00286773
2471.09 0.00302768
2471.12 0.00317318
2471.16 0.00330136
2471.2 0.0034097
2471.24 0.00349614
2471.28 0.00355879
2471.32 0.00359658
2471.36 0.00360878
2471.39 0.00359559
2471.43 0.00355717
2471.47 0.00349488
2471.51 0.00341024
2471.55 0.00330531
2471.59 0.00318269
2471.62 0.003045
2471.66 0.00289537
2471.7 0.00273677
2471.74 0.0025726
2471.78 0.00240556
2471.82 0.00223887
2471.86 0.0020749
2471.89 0.00191633
2471.93 0.00176502
2471.97 0.00162275
2472.01 0.00149077
2472.05 0.0013701
2472.09 0.00126132
2472.13 0.00116469
2472.16 0.00108018
2472.2 0.00100751
2472.24 0.000946156
2472.28 0.000895442
2472.32 0.000854565
2472.36 0.00082262
2472.39 0.000798663
2472.43 0.000781743
2472.47 0.000770909
2472.51 0.000765236
2472.55 0.000763899
2472.59 0.000766107
2472.63 0.000771169
2472.66 0.000778476
2472.7 0.000787506
2472.74 0.000797837
2472.78 0.000809102
2472.82 0.00082104
2472.86 0.000833454
2472.9 0.000846199
2472.93 0.000859179
2472.97 0.000872346
2473.01 0.000885694
2473.05 0.000899211
2473.09 0.000912936
2473.13 0.000926866
2473.16 0.000941057
2473.2 0.000955518
2473.24 0.000970238
2473.28 0.00098521
2473.32 0.00100043
2473.36 0.00101584
2473.4 0.00103137
2473.43 0.00104696
2473.47 0.0010625
2473.51 0.0010779
2473.55 0.00109304
2473.59 0.00110779
2473.63 0.00112206
2473.67 0.00113571
2473.7 0.00114865
2473.74 0.00116078
2473.78 0.00117201
2473.82 0.00118227
2473.86 0.0011915
2473.9 0.00119968
2473.93 0.00120678
2473.97 0.0012128
2474.01 0.00121775
2474.05 0.00122166
2474.09 0.00122456
2474.13 0.00122651
2474.17 0.00122754
2474.2 0.00122774
2474.24 0.00122715
2474.28 0.00122582
2474.32 0.00122383
2474.36 0.00122121
2474.4 0.00121803
2474.44 0.00121433
2474.47 0.00121013
2474.51 0.0012055
2474.55 0.00120044
2474.59 0.00119498
2474.63 0.00118915
2474.67 0.001183
2474.7 0.00117651
2474.74 0.00116973
2474.78 0.00116269
2474.82 0.00115541
2474.86 0.00114796
2474.9 0.00114035
2474.94 0.00113268
2474.97 0.00112497
2475.01 0.0011173
2475.05 0.00110975
2475.09 0.00110241
2475.13 0.00109535
2475.17 0.00108868
2475.21 0.00108248
2475.24 0.00107685
2475.28 0.00107186
2475.32 0.00106764
2475.36 0.00106423
2475.4 0.00106171
2475.44 0.00106017
2475.47 0.00105962
2475.51 0.00106012
2475.55 0.00106169
2475.59 0.00106432
2475.63 0.001068
2475.67 0.00107272
2475.71 0.0010784
2475.74 0.001085
2475.78 0.00109243
2475.82 0.00110061
2475.86 0.00110945
2475.9 0.00111883
2475.94 0.00112865
2475.98 0.00113881
2476.01 0.00114918
2476.05 0.00115968
2476.09 0.00117021
2476.13 0.00118067
2476.17 0.00119101
2476.21 0.00120113
2476.24 0.001211
2476.28 0.00122058
2476.32 0.00122981
2476.36 0.0012387
2476.4 0.00124722
2476.44 0.00125537
2476.48 0.00126312
2476.51 0.00127048
2476.55 0.00127745
2476.59 0.001284
2476.63 0.00129012
2476.67 0.00129578
2476.71 0.00130096
2476.75 0.00130562
2476.78 0.00130972
2476.82 0.00131319
2476.86 0.00131602
2476.9 0.00131811
2476.94 0.00131945
2476.98 0.00131996
2477.01 0.00131963
2477.05 0.00131841
2477.09 0.00131629
2477.13 0.00131328
2477.17 0.00130937
2477.21 0.0013046
2477.25 0.00129903
2477.28 0.0012927
2477.32 0.00128571
2477.36 0.00127815
2477.4 0.00127013
2477.44 0.0012618
2477.48 0.00125326
2477.52 0.00124467
2477.55 0.00123615
2477.59 0.00122787
2477.63 0.00121994
2477.67 0.0012125
2477.71 0.00120568
2477.75 0.00119956
2477.78 0.00119426
2477.82 0.00118983
2477.86 0.00118634
2477.9 0.00118381
2477.94 0.00118225
2477.98 0.00118165
2478.02 0.00118198
2478.05 0.00118319
2478.09 0.00118523
2478.13 0.00118799
2478.17 0.00119138
2478.21 0.00119531
2478.25 0.00119965
2478.29 0.0012043
2478.32 0.00120912
2478.36 0.00121404
2478.4 0.00121894
2478.44 0.0012237
2478.48 0.00122828
2478.52 0.00123257
2478.55 0.00123655
2478.59 0.00124017
2478.63 0.00124343
2478.67 0.00124633
2478.71 0.00124888
2478.75 0.00125113
2478.79 0.00125312
2478.82 0.00125494
2478.86 0.00125664
2478.9 0.00125832
2478.94 0.00126004
2478.98 0.0012619
2479.02 0.00126396
2479.06 0.00126629
2479.09 0.00126895
2479.13 0.00127197
2479.17 0.00127537
2479.21 0.00127914
2479.25 0.00128326
2479.29 0.00128769
2479.32 0.00129236
2479.36 0.00129719
2479.4 0.00130208
2479.44 0.00130692
2479.48 0.0013116
2479.52 0.00131598
2479.56 0.00131996
2479.59 0.00132341
2479.63 0.00132621
2479.67 0.0013283
2479.71 0.00132957
2479.75 0.00133
2479.79 0.00132954
2479.83 0.00132817
2479.86 0.00132593
2479.9 0.00132285
2479.94 0.001319
2479.98 0.00131445
2480.02 0.00130931
2480.06 0.00130371
2480.09 0.00129777
2480.13 0.00129161
2480.17 0.00128541
2480.21 0.00127929
2480.25 0.0012734
2480.29 0.00126787
2480.33 0.00126282
2480.36 0.00125839
2480.4 0.00125466
2480.44 0.00125174
2480.48 0.0012497
2480.52 0.0012486
2480.56 0.00124848
2480.6 0.00124939
2480.63 0.00125133
2480.67 0.0012543
2480.71 0.00125829
2480.75 0.00126329
2480.79 0.00126922
2480.83 0.00127607
2480.86 0.00128375
2480.9 0.00129221
2480.94 0.00130135
2480.98 0.00131111
2481.02 0.00132136
2481.06 0.00133201
2481.1 0.00134296
2481.13 0.00135409
2481.17 0.00136529
2481.21 0.00137645
2481.25 0.00138747
2481.29 0.00139821
2481.33 0.0014086
2481.37 0.00141851
2481.4 0.00142786
2481.44 0.00143656
2481.48 0.00144452
2481.52 0.00145168
2481.56 0.00145797
2481.6 0.00146337
2481.64 0.0014678
2481.67 0.00147125
2481.71 0.00147371
2481.75 0.00147517
2481.79 0.00147565
2481.83 0.00147514
2481.87 0.00147371
2481.9 0.00147137
2481.94 0.00146818
2481.98 0.0014642
2482.02 0.0014595
2482.06 0.00145415
2482.1 0.00144822
2482.14 0.0014418
2482.17 0.00143498
2482.21 0.00142783
2482.25 0.00142045
2482.29 0.0014129
2482.33 0.00140526
2482.37 0.0013976
2482.41 0.00139
2482.44 0.00138249
2482.48 0.00137513
2482.52 0.00136796
2482.56 0.00136101
2482.6 0.00135428
2482.64 0.00134781
2482.67 0.0013416
2482.71 0.00133565
2482.75 0.00132996
2482.79 0.00132451
2482.83 0.0013193
2482.87 0.00131431
2482.91 0.00130954
2482.94 0.00130497
2482.98 0.0013006
2483.02 0.00129642
2483.06 0.00129241
2483.1 0.0012886
2483.14 0.00128495
2483.18 0.00128151
2483.21 0.00127826
2483.25 0.0012752
2483.29 0.00127235
2483.33 0.00126974
2483.37 0.00126734
2483.41 0.00126519
2483.44 0.00126328
2483.48 0.00126162
2483.52 0.00126022
2483.56 0.00125907
2483.6 0.00125817
2483.64 0.00125752
2483.68 0.00125711
2483.71 0.00125693
2483.75 0.00125698
2483.79 0.00125723
2483.83 0.00125766
2483.87 0.00125828
2483.91 0.00125904
2483.95 0.00125994
2483.98 0.00126094
2484.02 0.00126205
2484.06 0.0012632
2484.1 0.0012644
2484.14 0.0012656
2484.18 0.00126679
2484.21 0.0012679
2484.25 0.00126892
2484.29 0.00126982
2484.33 0.00127056
2484.37 0.00127109
2484.41 0.0012714
2484.45 0.00127142
2484.48 0.00127115
2484.52 0.00127054
2484.56 0.00126959
2484.6 0.00126826
2484.64 0.00126657
2484.68 0.00126448
2484.72 0.00126203
2484.75 0.00125921
2484.79 0.00125606
2484.83 0.00125259
2484.87 0.00124887
2484.91 0.00124492
2484.95 0.00124078
2484.98 0.00123653
2485.02 0.0012322
2485.06 0.00122787
2485.1 0.00122358
2485.14 0.00121937
2485.18 0.00121534
2485.22 0.0012115
2485.25 0.00120792
2485.29 0.00120464
2485.33 0.00120167
2485.37 0.00119907
2485.41 0.00119686
2485.45 0.00119507
2485.49 0.00119371
2485.52 0.00119281
2485.56 0.00119234
2485.6 0.00119236
2485.64 0.00119284
2485.68 0.0011938
2485.72 0.00119523
2485.75 0.00119712
2485.79 0.00119948
2485.83 0.00120229
2485.87 0.00120555
2485.91 0.00120923
2485.95 0.00121333
2485.99 0.0012178
2486.02 0.00122264
2486.06 0.00122783
2486.1 0.00123333
2486.14 0.0012391
2486.18 0.00124513
2486.22 0.00125136
2486.26 0.00125777
2486.29 0.00126431
2486.33 0.00127094
2486.37 0.00127765
2486.41 0.00128438
2486.45 0.00129108
2486.49 0.00129774
2486.52 0.0013043
2486.56 0.00131074
2486.6 0.00131701
2486.64 0.00132308
2486.68 0.00132892
2486.72 0.0013345
2486.76 0.00133977
2486.79 0.00134472
2486.83 0.00134928
2486.87 0.00135346
2486.91 0.00135721
2486.95 0.00136049
2486.99 0.00136329
2487.03 0.00136555
2487.06 0.00136725
2487.1 0.00136838
2487.14 0.00136891
2487.18 0.00136882
2487.22 0.00136807
2487.26 0.00136669
2487.29 0.00136465
2487.33 0.00136195
2487.37 0.0013586
2487.41 0.00135462
2487.45 0.00135
2487.49 0.0013448
2487.53 0.00133902
2487.56 0.00133272
2487.6 0.00132594
2487.64 0.00131871
2487.68 0.00131108
2487.72 0.00130312
2487.76 0.00129486
2487.8 0.00128635
2487.83 0.00127767
2487.87 0.00126884
2487.91 0.00125994
2487.95 0.00125098
2487.99 0.00124204
2488.03 0.00123314
2488.06 0.00122432
2488.1 0.00121561
2488.14 0.00120704
2488.18 0.00119866
2488.22 0.00119047
2488.26 0.00118248
2488.3 0.00117474
2488.33 0.00116723
2488.37 0.00115998
2488.41 0.00115302
2488.45 0.00114634
2488.49 0.00113995
2488.53 0.00113386
2488.57 0.00112809
2488.6 0.00112265
2488.64 0.00111752
2488.68 0.00111273
2488.72 0.00110829
2488.76 0.00110418
2488.8 0.00110041
2488.83 0.00109698
2488.87 0.0010939
2488.91 0.00109115
2488.95 0.00108872
2488.99 0.0010866
2489.03 0.00108479
2489.07 0.00108326
2489.1 0.00108199
2489.14 0.00108096
2489.18 0.00108014
2489.22 0.00107952
2489.26 0.00107905
2489.3 0.00107872
2489.34 0.0010785
2489.37 0.00107835
2489.41 0.00107826
2489.45 0.00107819
2489.49 0.00107813
2489.53 0.00107805
2489.57 0.00107792
2489.6 0.00107774
2489.64 0.00107748
2489.68 0.00107716
2489.72 0.00107674
2489.76 0.00107623
2489.8 0.00107561
2489.84 0.0010749
2489.87 0.00107408
2489.91 0.00107317
2489.95 0.00107215
2489.99 0.00107105
2490.03 0.00106987
2490.07 0.00106861
2490.11 0.00106727
2490.14 0.00106586
2490.18 0.00106439
2490.22 0.00106286
2490.26 0.00106127
2490.3 0.00105964
2490.34 0.00105795
2490.37 0.0010562
2490.41 0.00105441
2490.45 0.00105258
2490.49 0.00105069
2490.53 0.00104875
2490.57 0.00104677
2490.61 0.00104473
2490.64 0.00104263
2490.68 0.00104048
2490.72 0.00103828
2490.76 0.00103605
2490.8 0.00103377
2490.84 0.00103145
2490.88 0.00102908
2490.91 0.0010267
2490.95 0.0010243
2490.99 0.00102189
2491.03 0.00101949
2491.07 0.00101709
2491.11 0.00101471
2491.14 0.00101238
2491.18 0.00101007
2491.22 0.00100783
2491.26 0.00100565
2491.3 0.00100354
2491.34 0.00100151
2491.38 0.000999572
2491.41 0.00099774
2491.45 0.000996017
2491.49 0.000994419
2491.53 0.000992965
2491.57 0.000991646
2491.61 0.000990488
2491.64 0.00098951
2491.68 0.00098872
2491.72 0.000988127
2491.76 0.00098775
2491.8 0.000987616
2491.84 0.000987741
2491.88 0.000988118
2491.91 0.0009888
2491.95 0.000989779
2491.99 0.000991071
2492.03 0.000992705
2492.07 0.00099468
2492.11 0.000997004
2492.15 0.000999697
2492.18 0.00100274
2492.22 0.00100617
2492.26 0.00100996
2492.3 0.00101412
2492.34 0.00101864
2492.38 0.00102351
2492.41 0.00102873
2492.45 0.0010343
2492.49 0.00104019
2492.53 0.0010464
2492.57 0.00105291
2492.61 0.00105972
2492.65 0.0010668
2492.68 0.00107414
2492.72 0.00108176
2492.76 0.00108959
2492.8 0.00109765
2492.84 0.00110592
2492.88 0.00111438
2492.92 0.00112301
2492.95 0.0011318
2492.99 0.00114072
2493.03 0.00114975
2493.07 0.00115888
2493.11 0.00116807
2493.15 0.0011773
2493.18 0.00118653
2493.22 0.00119575
2493.26 0.00120493
2493.3 0.00121403
2493.34 0.00122302
2493.38 0.00123189
2493.42 0.00124059
2493.45 0.00124912
2493.49 0.00125743
2493.53 0.00126552
2493.57 0.00127335
2493.61 0.00128091
2493.65 0.00128818
2493.69 0.00129518
2493.72 0.00130185
2493.76 0.00130823
2493.8 0.00131427
2493.84 0.00131999
2493.88 0.00132538
2493.92 0.00133043
2493.95 0.00133513
2493.99 0.00133948
2494.03 0.00134349
2494.07 0.0013471
2494.11 0.00135035
2494.15 0.00135322
2494.19 0.00135569
2494.22 0.00135775
2494.26 0.00135938
2494.3 0.00136058
2494.34 0.00136135
2494.38 0.00136167
2494.42 0.00136153
2494.46 0.00136093
2494.49 0.00135989
2494.53 0.00135839
2494.57 0.00135645
2494.61 0.00135408
2494.65 0.00135129
2494.69 0.00134813
2494.72 0.00134462
2494.76 0.00134077
2494.8 0.00133663
2494.84 0.00133224
2494.88 0.00132763
2494.92 0.00132287
2494.96 0.00131798
2494.99 0.001313
2495.03 0.001308
2495.07 0.00130302
2495.11 0.00129808
2495.15 0.00129322
2495.19 0.0012885
2495.23 0.00128394
2495.26 0.00127956
2495.3 0.00127539
2495.34 0.00127145
2495.38 0.00126776
2495.42 0.00126431
2495.46 0.0012611
2495.49 0.00125816
2495.53 0.00125546
2495.57 0.00125299
2495.61 0.00125075
2495.65 0.00124871
2495.69 0.00124686
2495.73 0.00124517
2495.76 0.00124364
2495.8 0.00124224
2495.84 0.00124094
2495.88 0.00123973
2495.92 0.00123862
2495.96 0.00123756
2496 0.00123656
2496.03 0.00123561
2496.07 0.00123471
2496.11 0.00123386
2496.15 0.00123307
2496.19 0.00123233
2496.23 0.00123166
2496.26 0.00123106
2496.3 0.00123053
2496.34 0.00123012
2496.38 0.00122981
2496.42 0.00122962
2496.46 0.00122954
2496.5 0.00122961
2496.53 0.00122981
2496.57 0.00123016
2496.61 0.00123066
2496.65 0.00123129
2496.69 0.00123206
2496.73 0.00123296
2496.77 0.00123396
2496.8 0.00123507
2496.84 0.00123627
2496.88 0.00123754
2496.92 0.00123885
2496.96 0.00124019
2497 0.00124155
2497.03 0.00124287
2497.07 0.00124415
2497.11 0.00124539
2497.15 0.00124653
2497.19 0.00124758
2497.23 0.00124849
2497.27 0.00124928
2497.3 0.00124993
2497.34 0.00125043
2497.38 0.00125076
2497.42 0.00125093
2497.46 0.00125094
2497.5 0.0012508
2497.54 0.00125051
2497.57 0.00125007
2497.61 0.00124953
2497.65 0.00124886
2497.69 0.00124812
2497.73 0.00124731
2497.77 0.00124646
2497.8 0.00124558
2497.84 0.00124474
2497.88 0.00124393
2497.92 0.00124321
2497.96 0.00124258
2498 0.0012421
2498.04 0.00124178
2498.07 0.00124166
2498.11 0.00124178
2498.15 0.00124216
2498.19 0.00124281
2498.23 0.00124379
2498.27 0.00124511
2498.31 0.00124678
2498.34 0.00124882
2498.38 0.00125126
2498.42 0.00125408
2498.46 0.00125731
2498.5 0.00126092
2498.54 0.00126492
2498.57 0.00126928
2498.61 0.00127399
2498.65 0.00127903
2498.69 0.00128435
2498.73 0.00128993
2498.77 0.0012957
2498.81 0.00130164
2498.84 0.00130769
2498.88 0.00131378
2498.92 0.0013199
2498.96 0.00132596
2499 0.00133193
2499.04 0.00133774
2499.08 0.00134336
2499.11 0.00134874
2499.15 0.00135383
2499.19 0.00135862
2499.23 0.00136307
2499.27 0.00136716
2499.31 0.00137085
2499.34 0.00137416
2499.38 0.00137706
2499.42 0.00137958
2499.46 0.00138169
2499.5 0.0013834
2499.54 0.00138473
2499.58 0.00138568
2499.61 0.00138627
2499.65 0.00138652
2499.69 0.00138642
2499.73 0.001386
2499.77 0.00138528
2499.81 0.00138427
2499.85 0.00138298
2499.88 0.00138142
2499.92 0.00137962
2499.96 0.00137759
2500 0.00137536
2500.04 0.00137293
2500.08 0.00137034
2500.11 0.00136759
2500.15 0.00136473
2500.19 0.00136176
2500.23 0.00135873
2500.27 0.00135567
2500.31 0.00135258
2500.35 0.00134951
2500.38 0.00134649
2500.42 0.00134355
2500.46 0.0013407
