2462 2.89739e-158
2462.04 6.45267e-157
2462.08 1.4177e-155
2462.12 3.07261e-154
2462.15 6.56949e-153
2462.19 1.38562e-151
2462.23 2.8829e-150
2462.27 5.91748e-149
2462.31 1.19814e-147
2462.35 2.39322e-146
2462.39 4.71556e-145
2462.42 9.16577e-144
2462.46 1.75754e-142
2462.5 3.3246e-141
2462.54 6.20364e-140
2462.58 1.14193e-138
2462.62 2.07364e-137
2462.65 3.71467e-136
2462.69 6.56406e-135
2462.73 1.14428e-133
2462.77 1.96781e-132
2462.81 3.33818e-131
2462.85 5.58649e-130
2462.89 9.22282e-129
2462.92 1.50199e-127
2462.96 2.4129e-126
2463 3.82424e-125
2463.04 5.97884e-124
2463.08 9.22079e-123
2463.12 1.40287e-121
2463.16 2.10553e-120
2463.19 3.11744e-119
2463.23 4.55301e-118
2463.27 6.56022e-117
2463.31 9.32403e-116
2463.35 1.30736e-114
2463.39 1.80827e-113
2463.42 2.46724e-112
2463.46 3.32119e-111
2463.5 4.40993e-110
2463.54 5.77644e-109
2463.58 7.46398e-108
2463.62 9.51442e-107
2463.66 1.19642e-105
2463.69 1.48412e-104
2463.73 1.81613e-103
2463.77 2.19238e-102
2463.81 2.61077e-101
2463.85 3.06696e-100
2463.89 3.55416e-99
2463.93 4.06331e-98
2463.96 4.58221e-97
2464 5.09771e-96
2464.04 5.59464e-95
2464.08 6.05693e-94
2464.12 6.46875e-93
2464.16 6.81514e-92
2464.19 7.08319e-91
2464.23 7.26204e-90
2464.27 7.3449e-89
2464.31 7.32836e-88
2464.35 7.2129e-87
2464.39 7.00326e-86
2464.43 6.70783e-85
2464.46 6.33812e-84
2464.5 5.90775e-83
2464.54 5.43209e-82
2464.58 4.92723e-81
2464.62 4.40902e-80
2464.66 3.89194e-79
2464.7 3.3889e-78
2464.73 2.9112e-77
2464.77 2.46678e-76
2464.81 2.06214e-75
2464.85 1.70051e-74
2464.89 1.38336e-73
2464.93 1.11014e-72
2464.96 8.78838e-72
2465 6.86313e-71
2465.04 5.28743e-70
2465.08 4.01827e-69
2465.12 3.01239e-68
2465.16 2.22795e-67
2465.2 1.62544e-66
2465.23 1.16984e-65
2465.27 8.30571e-65
2465.31 5.81719e-64
2465.35 4.01917e-63
2465.39 2.73936e-62
2465.43 1.84181e-61
2465.47 1.22162e-60
2465.5 7.99305e-60
2465.54 5.15929e-59
2465.58 3.28497e-58
2465.62 2.06344e-57
2465.66 1.27858e-56
2465.7 7.81556e-56
2465.73 4.71284e-55
2465.77 2.80344e-54
2465.81 1.64502e-53
2465.85 9.52257e-53
2465.89 5.43776e-52
2465.93 3.06334e-51
2465.97 1.70232e-50
2466 9.33218e-50
2466.04 5.04677e-49
2466.08 2.69227e-48
2466.12 1.41689e-47
2466.16 7.35598e-47
2466.2 3.76719e-46
2466.24 1.90325e-45
2466.27 9.48546e-45
2466.31 4.66349e-44
2466.35 2.26184e-43
2466.39 1.08216e-42
2466.43 5.10768e-42
2466.47 2.37804e-41
2466.5 1.09226e-40
2466.54 4.94898e-40
2466.58 2.21205e-39
2466.62 9.75353e-39
2466.66 4.2424e-38
2466.7 1.82039e-37
2466.74 7.70557e-37
2466.77 3.21752e-36
2466.81 1.32538e-35
2466.85 5.3857e-35
2466.89 2.15894e-34
2466.93 8.53738e-34
2466.97 3.3305e-33
2467.01 1.2816e-32
2467.04 4.86525e-32
2467.08 1.822e-31
2467.12 6.73099e-31
2467.16 2.453e-30
2467.2 8.81863e-30
2467.24 3.12746e-29
2467.27 1.09418e-28
2467.31 3.77634e-28
2467.35 1.28568e-27
2467.39 4.31812e-27
2467.43 1.43065e-26
2467.47 4.67588e-26
2467.51 1.50761e-25
2467.54 4.79523e-25
2467.58 1.50455e-24
2467.62 4.65693e-24
2467.66 1.42195e-23
2467.7 4.2832e-23
2467.74 1.2727e-22
2467.78 3.7306e-22
2467.81 1.07875e-21
2467.85 3.07723e-21
2467.89 8.65921e-21
2467.93 2.4037e-20
2467.97 6.58246e-20
2468.01 1.77823e-19
2468.04 4.73883e-19
2468.08 1.2458e-18
2468.12 3.23093e-18
2468.16 8.2657e-18
2468.2 2.08606e-17
2468.24 5.19354e-17
2468.28 1.27557e-16
2468.31 3.0906e-16
2468.35 7.38664e-16
2468.39 1.74165e-15
2468.43 4.05107e-15
2468.47 9.29534e-15
2468.51 2.10407e-14
2468.55 4.69834e-14
2468.58 1.03496e-13
2468.62 2.24907e-13
2468.66 4.82148e-13
2468.7 1.01965e-12
2468.74 2.12725e-12
2468.78 4.3782e-12
2468.81 8.88925e-12
2468.85 1.78047e-11
2468.89 3.51801e-11
2468.93 6.85781e-11
2468.97 1.31878e-10
2469.01 2.5019e-10
2469.05 4.68229e-10
2469.08 8.64516e-10
2469.12 1.57472e-09
2469.16 2.82981e-09
2469.2 5.01665e-09
2469.24 8.77404e-09
2469.28 1.51397e-08
2469.32 2.5773e-08
2469.35 4.32872e-08
2469.39 7.17266e-08
2469.43 1.1726e-07
2469.47 1.89136e-07
2469.51 3.01004e-07
2469.55 4.72623e-07
2469.58 7.32229e-07
2469.62 1.11937e-06
2469.66 1.68847e-06
2469.7 2.5133e-06
2469.74 3.69132e-06
2469.78 5.35037e-06
2469.82 7.65294e-06
2469.85 1.08032e-05
2469.89 1.50513e-05
2469.93 2.06974e-05
2469.97 2.80938e-05
2470.01 3.76402e-05
2470.05 4.97881e-05
2470.09 6.50166e-05
2470.12 8.38307e-05
2470.16 0.000106736
2470.2 0.000134207
2470.24 0.000166673
2470.28 0.000204471
2470.32 0.000247821
2470.35 0.000296788
2470.39 0.000351285
2470.43 0.000411002
2470.47 0.000475428
2470.51 0.000543857
2470.55 0.00061541
2470.59 0.000689037
2470.62 0.000763588
2470.66 0.000837787
2470.7 0.000910437
2470.74 0.00098033
2470.78 0.00104634
2470.82 0.0011076
2470.86 0.0011634
2470.89 0.00121321
2470.93 0.00125693
2470.97 0.00129464
2471.01 0.00132676
2471.05 0.00135397
2471.09 0.00137732
2471.12 0.00139799
2471.16 0.00141745
2471.2 0.0014373
2471.24 0.0014593
2471.28 0.00148525
2471.32 0.00151695
2471.36 0.00155618
2471.39 0.00160449
2471.43 0.00166335
2471.47 0.00173387
2471.51 0.00181675
2471.55 0.00191237
2471.59 0.00202066
2471.62 0.002141
2471.66 0.00227229
2471.7 0.00241301
2471.74 0.00256138
2471.78 0.00271511
2471.82 0.00287185
2471.86 0.00302916
2471.89 0.00318469
2471.93 0.00333634
2471.97 0.0034824
2472.01 0.00362159
2472.05 0.0037531
2472.09 0.00387676
2472.13 0.0039928
2472.16 0.00410202
2472.2 0.00420534
2472.24 0.00430403
2472.28 0.00439917
2472.32 0.00449174
2472.36 0.00458233
2472.39 0.00467092
2472.43 0.00475706
2472.47 0.00483948
2472.51 0.00491649
2472.55 0.00498573
2472.59 0.00504447
2472.63 0.00508989
2472.66 0.00511903
2472.7 0.00512921
2472.74 0.0051182
2472.78 0.00508426
2472.82 0.00502635
2472.86 0.00494429
2472.9 0.00483863
2472.93 0.00471062
2472.97 0.00456237
2473.01 0.00439629
2473.05 0.00421536
2473.09 0.00402274
2473.13 0.00382176
2473.16 0.00361567
2473.2 0.00340753
2473.24 0.00320025
2473.28 0.00299642
2473.32 0.00279833
2473.36 0.00260784
2473.4 0.00242654
2473.43 0.0022557
2473.47 0.00209612
2473.51 0.0019484
2473.55 0.00181285
2473.59 0.00168943
2473.63 0.00157784
2473.67 0.00147758
2473.7 0.00138793
2473.74 0.001308
2473.78 0.00123679
2473.82 0.00117321
2473.86 0.00111614
2473.9 0.00106447
2473.93 0.00101718
2473.97 0.000973322
2474.01 0.000932099
2474.05 0.000892842
2474.09 0.000855089
2474.13 0.000818456
2474.17 0.000782795
2474.2 0.000748043
2474.24 0.00071427
2474.28 0.000681637
2474.32 0.000650367
2474.36 0.000620728
2474.4 0.000592999
2474.44 0.000567446
2474.47 0.00054431
2474.51 0.000523782
2474.55 0.000506001
2474.59 0.000491031
2474.63 0.000478879
2474.67 0.000469459
2474.7 0.000462634
2474.74 0.000458194
2474.78 0.000455888
2474.82 0.000455424
2474.86 0.000456491
2474.9 0.000458773
2474.94 0.000461953
2474.97 0.000465744
2475.01 0.000469895
2475.05 0.000474184
2475.09 0.000478457
2475.13 0.000482593
2475.17 0.000486543
2475.21 0.000490289
2475.24 0.000493859
2475.28 0.000497323
2475.32 0.000500763
2475.36 0.000504291
2475.4 0.000508007
2475.44 0.000512023
2475.47 0.000516433
2475.51 0.000521316
2475.55 0.000526731
2475.59 0.000532704
2475.63 0.000539262
2475.67 0.000546384
2475.71 0.000554038
2475.74 0.000562195
2475.78 0.000570789
2475.82 0.000579765
2475.86 0.000589058
2475.9 0.000598606
2475.94 0.000608361
2475.98 0.00061827
2476.01 0.000628288
2476.05 0.000638387
2476.09 0.000648543
2476.13 0.000658735
2476.17 0.000668948
2476.21 0.000679175
2476.24 0.000689414
2476.28 0.000699654
2476.32 0.000709894
2476.36 0.000720136
2476.4 0.000730364
2476.44 0.000740577
2476.48 0.000750759
2476.51 0.000760916
2476.55 0.000771019
2476.59 0.000781062
2476.63 0.000791023
2476.67 0.00080089
2476.71 0.000810654
2476.75 0.000820286
2476.78 0.000829763
2476.82 0.000839094
2476.86 0.00084825
2476.9 0.000857215
2476.94 0.000865992
2476.98 0.000874568
2477.01 0.000882935
2477.05 0.000891103
2477.09 0.00089906
2477.13 0.000906822
2477.17 0.000914386
2477.21 0.000921757
2477.25 0.000928938
2477.28 0.000935935
2477.32 0.000942759
2477.36 0.000949413
2477.4 0.000955904
2477.44 0.000962236
2477.48 0.00096843
2477.52 0.000974494
2477.55 0.000980447
2477.59 0.000986317
2477.63 0.000992124
2477.67 0.000997923
2477.71 0.00100375
2477.75 0.00100966
2477.78 0.00101572
2477.82 0.00102199
2477.86 0.00102855
2477.9 0.00103548
2477.94 0.00104284
2477.98 0.00105073
2478.02 0.0010592
2478.05 0.00106832
2478.09 0.00107813
2478.13 0.00108869
2478.17 0.0011
2478.21 0.00111206
2478.25 0.00112486
2478.29 0.00113835
2478.32 0.00115247
2478.36 0.00116712
2478.4 0.0011822
2478.44 0.00119757
2478.48 0.0012131
2478.52 0.00122862
2478.55 0.00124397
2478.59 0.00125899
2478.63 0.00127352
2478.67 0.00128739
2478.71 0.00130049
2478.75 0.00131266
2478.79 0.00132386
2478.82 0.00133397
2478.86 0.00134299
2478.9 0.00135085
2478.94 0.00135761
2478.98 0.0013633
2479.02 0.00136793
2479.06 0.00137161
2479.09 0.00137442
2479.13 0.00137646
2479.17 0.00137785
2479.21 0.00137866
2479.25 0.00137904
2479.29 0.00137905
2479.32 0.0013788
2479.36 0.00137836
2479.4 0.00137784
2479.44 0.0013773
2479.48 0.00137677
2479.52 0.00137636
2479.56 0.00137605
2479.59 0.00137593
2479.63 0.00137601
2479.67 0.00137634
2479.71 0.00137691
2479.75 0.00137781
2479.79 0.001379
2479.83 0.00138054
2479.86 0.00138241
2479.9 0.00138464
2479.94 0.00138723
2479.98 0.00139017
2480.02 0.00139342
2480.06 0.00139694
2480.09 0.0014007
2480.13 0.00140463
2480.17 0.00140865
2480.21 0.00141267
2480.25 0.0014166
2480.29 0.00142035
2480.33 0.00142381
2480.36 0.0014269
2480.4 0.00142955
2480.44 0.00143168
2480.48 0.00143326
2480.52 0.00143426
2480.56 0.00143469
2480.6 0.00143457
2480.63 0.00143393
2480.67 0.00143284
2480.71 0.00143135
2480.75 0.00142954
2480.79 0.0014275
2480.83 0.00142526
2480.86 0.00142288
2480.9 0.00142045
2480.94 0.00141795
2480.98 0.00141539
2481.02 0.00141278
2481.06 0.0014101
2481.1 0.00140732
2481.13 0.00140438
2481.17 0.00140124
2481.21 0.00139786
2481.25 0.00139419
2481.29 0.00139021
2481.33 0.00138592
2481.37 0.00138127
2481.4 0.00137628
2481.44 0.00137093
2481.48 0.00136529
2481.52 0.00135932
2481.56 0.00135309
2481.6 0.00134661
2481.64 0.00133994
2481.67 0.00133306
2481.71 0.00132602
2481.75 0.00131884
2481.79 0.00131153
2481.83 0.00130413
2481.87 0.00129662
2481.9 0.00128904
2481.94 0.0012814
2481.98 0.00127372
2482.02 0.00126602
2482.06 0.00125833
2482.1 0.00125068
2482.14 0.00124309
2482.17 0.00123561
2482.21 0.00122826
2482.25 0.00122107
2482.29 0.00121407
2482.33 0.00120729
2482.37 0.00120073
2482.41 0.00119442
2482.44 0.00118836
2482.48 0.00118254
2482.52 0.00117696
2482.56 0.0011716
2482.6 0.00116647
2482.64 0.00116155
2482.67 0.00115683
2482.71 0.00115231
2482.75 0.00114799
2482.79 0.00114389
2482.83 0.00114002
2482.87 0.00113642
2482.91 0.00113313
2482.94 0.00113019
2482.98 0.00112768
2483.02 0.00112563
2483.06 0.00112412
2483.1 0.0011232
2483.14 0.00112294
2483.18 0.00112336
2483.21 0.00112452
2483.25 0.00112642
2483.29 0.00112906
2483.33 0.00113244
2483.37 0.0011365
2483.41 0.00114121
2483.44 0.00114646
2483.48 0.00115219
2483.52 0.00115828
2483.56 0.00116461
2483.6 0.00117107
2483.64 0.00117754
2483.68 0.00118387
2483.71 0.00118997
2483.75 0.00119572
2483.79 0.00120101
2483.83 0.00120577
2483.87 0.00120992
2483.91 0.0012134
2483.95 0.00121618
2483.98 0.00121823
2484.02 0.00121955
2484.06 0.00122016
2484.1 0.00122008
2484.14 0.00121933
2484.18 0.001218
2484.21 0.00121611
2484.25 0.00121376
2484.29 0.00121101
2484.33 0.00120795
2484.37 0.00120467
2484.41 0.00120124
2484.45 0.00119775
2484.48 0.00119426
2484.52 0.00119086
2484.56 0.00118758
2484.6 0.00118448
2484.64 0.0011816
2484.68 0.00117894
2484.72 0.00117652
2484.75 0.00117435
2484.79 0.00117239
2484.83 0.00117065
2484.87 0.00116907
2484.91 0.00116765
2484.95 0.00116634
2484.98 0.00116511
2485.02 0.00116393
2485.06 0.00116277
2485.1 0.00116159
2485.14 0.00116038
2485.18 0.00115912
2485.22 0.0011578
2485.25 0.00115639
2485.29 0.0011549
2485.33 0.00115332
2485.37 0.00115166
2485.41 0.00114992
2485.45 0.00114811
2485.49 0.00114623
2485.52 0.00114431
2485.56 0.00114235
2485.6 0.00114038
2485.64 0.00113839
2485.68 0.0011364
2485.72 0.00113443
2485.75 0.00113248
2485.79 0.00113057
2485.83 0.00112871
2485.87 0.0011269
2485.91 0.00112516
2485.95 0.00112349
2485.99 0.00112192
2486.02 0.00112045
2486.06 0.00111911
2486.1 0.00111791
2486.14 0.00111685
2486.18 0.00111599
2486.22 0.00111531
2486.26 0.00111485
2486.29 0.00111463
2486.33 0.00111466
2486.37 0.00111498
2486.41 0.00111559
2486.45 0.00111653
2486.49 0.00111782
2486.52 0.00111946
2486.56 0.00112151
2486.6 0.00112395
2486.64 0.00112681
2486.68 0.00113009
2486.72 0.0011338
2486.76 0.0011379
2486.79 0.00114237
2486.83 0.00114718
2486.87 0.00115226
2486.91 0.00115756
2486.95 0.00116299
2486.99 0.00116848
2487.03 0.00117393
2487.06 0.00117924
2487.1 0.00118434
2487.14 0.00118914
2487.18 0.00119356
2487.22 0.00119754
2487.26 0.00120105
2487.29 0.00120406
2487.33 0.00120654
2487.37 0.00120852
2487.41 0.00120999
2487.45 0.00121101
2487.49 0.00121162
2487.53 0.00121187
2487.56 0.00121181
2487.6 0.00121151
2487.64 0.00121105
2487.68 0.00121046
2487.72 0.00120983
2487.76 0.0012092
2487.8 0.00120862
2487.83 0.00120815
2487.87 0.00120781
2487.91 0.00120765
2487.95 0.00120767
2487.99 0.00120791
2488.03 0.00120837
2488.06 0.00120904
2488.1 0.00120992
2488.14 0.00121099
2488.18 0.00121224
2488.22 0.00121363
2488.26 0.00121515
2488.3 0.00121674
2488.33 0.00121836
2488.37 0.00122
2488.41 0.00122158
2488.45 0.00122309
2488.49 0.00122447
2488.53 0.00122568
2488.57 0.00122669
2488.6 0.00122746
2488.64 0.00122794
2488.68 0.00122813
2488.72 0.00122797
2488.76 0.00122746
2488.8 0.00122658
2488.83 0.0012253
2488.87 0.00122364
2488.91 0.0012216
2488.95 0.00121919
2488.99 0.00121642
2489.03 0.00121332
2489.07 0.00120991
2489.1 0.00120623
2489.14 0.00120232
2489.18 0.00119821
2489.22 0.00119394
2489.26 0.00118955
2489.3 0.00118507
2489.34 0.00118054
2489.37 0.00117598
2489.41 0.00117142
2489.45 0.00116689
2489.49 0.00116242
2489.53 0.00115801
2489.57 0.0011537
2489.6 0.0011495
2489.64 0.00114542
2489.68 0.00114148
2489.72 0.0011377
2489.76 0.00113409
2489.8 0.00113067
2489.84 0.00112744
2489.87 0.00112442
2489.91 0.0011216
2489.95 0.00111899
2489.99 0.0011166
2490.03 0.00111442
2490.07 0.00111243
2490.11 0.00111064
2490.14 0.00110904
2490.18 0.00110762
2490.22 0.00110637
2490.26 0.00110529
2490.3 0.00110439
2490.34 0.00110366
2490.37 0.0011031
2490.41 0.00110273
2490.45 0.00110254
2490.49 0.00110254
2490.53 0.00110275
2490.57 0.00110314
2490.61 0.00110372
2490.64 0.00110449
2490.68 0.00110543
2490.72 0.00110653
2490.76 0.00110776
2490.8 0.0011091
2490.84 0.00111053
2490.88 0.00111202
2490.91 0.00111356
2490.95 0.00111512
2490.99 0.00111667
2491.03 0.00111823
2491.07 0.00111976
2491.11 0.00112126
2491.14 0.00112275
2491.18 0.0011242
2491.22 0.00112563
2491.26 0.00112703
2491.3 0.00112841
2491.34 0.00112976
2491.38 0.00113107
2491.41 0.00113234
2491.45 0.00113354
2491.49 0.00113466
2491.53 0.00113569
2491.57 0.0011366
2491.61 0.00113736
2491.64 0.00113794
2491.68 0.00113833
2491.72 0.00113851
2491.76 0.00113844
2491.8 0.00113812
2491.84 0.00113753
2491.88 0.00113667
2491.91 0.00113553
2491.95 0.00113411
2491.99 0.00113245
2492.03 0.00113054
2492.07 0.00112841
2492.11 0.00112611
2492.15 0.00112366
2492.18 0.0011211
2492.22 0.00111849
2492.26 0.00111588
2492.3 0.00111331
2492.34 0.00111083
2492.38 0.0011085
2492.41 0.00110636
2492.45 0.00110445
2492.49 0.00110281
2492.53 0.00110146
2492.57 0.00110044
2492.61 0.00109977
2492.65 0.00109943
2492.68 0.00109945
2492.72 0.00109981
2492.76 0.00110051
2492.8 0.00110151
2492.84 0.00110281
2492.88 0.00110437
2492.92 0.00110616
2492.95 0.00110813
2492.99 0.00111025
2493.03 0.00111247
2493.07 0.00111474
2493.11 0.00111703
2493.15 0.00111929
2493.18 0.00112147
2493.22 0.00112355
2493.26 0.00112548
2493.3 0.00112724
2493.34 0.0011288
2493.38 0.00113017
2493.42 0.00113131
2493.45 0.00113223
2493.49 0.00113294
2493.53 0.00113344
2493.57 0.00113374
2493.61 0.00113384
2493.65 0.00113376
2493.69 0.00113352
2493.72 0.00113312
2493.76 0.00113257
2493.8 0.00113188
2493.84 0.00113106
2493.88 0.00113011
2493.92 0.00112906
2493.95 0.0011279
2493.99 0.00112665
2494.03 0.00112533
2494.07 0.00112394
2494.11 0.00112253
2494.15 0.00112108
2494.19 0.00111964
2494.22 0.00111823
2494.26 0.00111685
2494.3 0.00111554
2494.34 0.00111432
2494.38 0.00111318
2494.42 0.00111215
2494.46 0.00111124
2494.49 0.00111044
2494.53 0.00110977
2494.57 0.00110922
2494.61 0.00110879
2494.65 0.00110848
2494.69 0.00110826
2494.72 0.00110814
2494.76 0.00110811
2494.8 0.00110814
2494.84 0.00110821
2494.88 0.00110832
2494.92 0.00110843
2494.96 0.00110853
2494.99 0.00110858
2495.03 0.00110857
2495.07 0.00110845
2495.11 0.00110822
2495.15 0.00110785
2495.19 0.00110732
2495.23 0.00110661
2495.26 0.00110571
2495.3 0.00110463
2495.34 0.00110335
2495.38 0.00110189
2495.42 0.00110026
2495.46 0.00109847
2495.49 0.00109654
2495.53 0.0010945
2495.57 0.00109238
2495.61 0.00109018
2495.65 0.00108796
2495.69 0.00108572
2495.73 0.00108351
2495.76 0.00108132
2495.8 0.00107918
2495.84 0.00107711
2495.88 0.00107511
2495.92 0.00107319
2495.96 0.00107133
2496 0.00106955
2496.03 0.00106781
2496.07 0.00106612
2496.11 0.00106445
2496.15 0.00106281
2496.19 0.00106114
2496.23 0.00105947
2496.26 0.00105777
2496.3 0.00105604
2496.34 0.0010543
2496.38 0.00105253
2496.42 0.00105077
2496.46 0.00104903
2496.5 0.00104734
2496.53 0.00104574
2496.57 0.00104426
2496.61 0.00104293
2496.65 0.0010418
2496.69 0.00104089
2496.73 0.00104022
2496.77 0.00103983
2496.8 0.00103972
2496.84 0.00103991
2496.88 0.00104038
2496.92 0.00104114
2496.96 0.00104216
2497 0.00104342
2497.03 0.00104491
2497.07 0.00104657
2497.11 0.00104839
2497.15 0.00105032
2497.19 0.00105232
2497.23 0.00105437
2497.27 0.0010564
2497.3 0.0010584
2497.34 0.0010603
2497.38 0.00106209
2497.42 0.00106372
2497.46 0.00106516
2497.5 0.00106637
2497.54 0.00106734
2497.57 0.00106804
2497.61 0.00106846
2497.65 0.00106859
2497.69 0.00106842
2497.73 0.00106796
2497.77 0.00106722
2497.8 0.00106621
2497.84 0.00106494
2497.88 0.00106346
2497.92 0.00106177
2497.96 0.0010599
2498 0.00105787
2498.04 0.00105572
2498.07 0.00105347
2498.11 0.00105113
2498.15 0.00104874
2498.19 0.00104629
2498.23 0.00104382
2498.27 0.00104134
2498.31 0.00103885
2498.34 0.00103639
2498.38 0.00103395
2498.42 0.00103155
2498.46 0.00102921
2498.5 0.00102695
2498.54 0.00102476
2498.57 0.00102269
2498.61 0.00102072
2498.65 0.00101889
2498.69 0.00101719
2498.73 0.00101565
2498.77 0.00101427
2498.81 0.00101305
2498.84 0.00101201
2498.88 0.00101114
2498.92 0.00101045
2498.96 0.00100993
2499 0.00100958
2499.04 0.00100939
2499.08 0.00100936
2499.11 0.00100946
2499.15 0.0010097
2499.19 0.00101005
2499.23 0.0010105
2499.27 0.00101104
2499.31 0.00101164
2499.34 0.00101231
2499.38 0.001013
2499.42 0.00101372
2499.46 0.00101444
2499.5 0.00101515
2499.54 0.00101583
2499.58 0.00101645
2499.61 0.001017
2499.65 0.00101746
2499.69 0.00101781
2499.73 0.00101803
2499.77 0.00101809
2499.81 0.00101797
2499.85 0.00101766
2499.88 0.00101715
2499.92 0.00101641
2499.96 0.00101544
2500 0.00101423
2500.04 0.00101279
2500.08 0.00101114
2500.11 0.00100928
2500.15 0.00100724
2500.19 0.00100504
2500.23 0.00100272
2500.27 0.00100031
2500.31 0.000997845
2500.35 0.000995373
2500.38 0.00099291
2500.42 0.000990501
2500.46 0.000988163
