2462 5.99024e-72
2462.04 2.74754e-71
2462.08 1.25062e-70
2462.12 5.64874e-70
2462.15 2.53212e-69
2462.19 1.12638e-68
2462.23 4.97227e-68
2462.27 2.17818e-67
2462.31 9.46941e-67
2462.35 4.08523e-66
2462.39 1.74898e-65
2462.42 7.43078e-65
2462.46 3.13298e-64
2462.5 1.31084e-63
2462.54 5.44283e-63
2462.58 2.24271e-62
2462.62 9.1704e-62
2462.65 3.72128e-61
2462.69 1.49853e-60
2462.73 5.98848e-60
2462.77 2.37483e-59
2462.81 9.34618e-59
2462.85 3.65014e-58
2462.89 1.41468e-57
2462.92 5.44088e-57
2462.96 2.07673e-56
2463 7.86589e-56
2463.04 2.95664e-55
2463.08 1.10288e-54
2463.12 4.0825e-54
2463.16 1.4997e-53
2463.19 5.46704e-53
2463.23 1.97776e-52
2463.27 7.10052e-52
2463.31 2.5296e-51
2463.35 8.94338e-51
2463.39 3.13785e-50
2463.42 1.09255e-49
2463.46 3.77501e-49
2463.5 1.29442e-48
2463.54 4.40458e-48
2463.58 1.48733e-47
2463.62 4.98393e-47
2463.66 1.65744e-46
2463.69 5.46969e-46
2463.73 1.79134e-45
2463.77 5.82181e-45
2463.81 1.87773e-44
2463.85 6.00972e-44
2463.89 1.90886e-43
2463.93 6.01689e-43
2463.96 1.88204e-42
2464 5.84204e-42
2464.04 1.79962e-41
2464.08 5.50161e-41
2464.12 1.66897e-40
2464.16 5.02446e-40
2464.19 1.50112e-39
2464.23 4.45059e-39
2464.27 1.30946e-38
2464.31 3.82336e-38
2464.35 1.10785e-37
2464.39 3.18554e-37
2464.43 9.08987e-37
2464.46 2.57411e-36
2464.5 7.23379e-36
2464.54 2.01739e-35
2464.58 5.58336e-35
2464.62 1.53339e-34
2464.66 4.17914e-34
2464.7 1.13042e-33
2464.73 3.03423e-33
2464.77 8.0821e-33
2464.81 2.13649e-32
2464.85 5.60484e-32
2464.89 1.45905e-31
2464.93 3.76949e-31
2464.96 9.6644e-31
2465 2.45888e-30
2465.04 6.20861e-30
2465.08 1.55565e-29
2465.12 3.86837e-29
2465.16 9.54613e-29
2465.2 2.33775e-28
2465.23 5.68125e-28
2465.27 1.37025e-27
2465.31 3.27967e-27
2465.35 7.79031e-27
2465.39 1.83628e-26
2465.43 4.29544e-26
2465.47 9.97244e-26
2465.5 2.29752e-25
2465.54 5.25315e-25
2465.58 1.1919e-24
2465.62 2.68394e-24
2465.66 5.99783e-24
2465.7 1.33014e-23
2465.73 2.92756e-23
2465.77 6.39431e-23
2465.81 1.38611e-22
2465.85 2.98187e-22
2465.89 6.36616e-22
2465.93 1.34888e-21
2465.97 2.83638e-21
2466 5.91936e-21
2466.04 1.22594e-20
2466.08 2.51984e-20
2466.12 5.14055e-20
2466.16 1.04069e-19
2466.2 2.09109e-19
2466.24 4.16999e-19
2466.27 8.25317e-19
2466.31 1.62113e-18
2466.35 3.16048e-18
2466.39 6.11516e-18
2466.43 1.17438e-17
2466.47 2.23837e-17
2466.5 4.23454e-17
2466.54 7.95113e-17
2466.58 1.48181e-16
2466.62 2.741e-16
2466.66 5.03268e-16
2466.7 9.17157e-16
2466.74 1.65902e-15
2466.77 2.97888e-15
2466.81 5.30918e-15
2466.85 9.39303e-15
2466.89 1.6496e-14
2466.93 2.87582e-14
2466.97 4.97694e-14
2467.01 8.55044e-14
2467.04 1.45831e-13
2467.08 2.4692e-13
2467.12 4.15067e-13
2467.16 6.92698e-13
2467.2 1.14778e-12
2467.24 1.88829e-12
2467.27 3.08449e-12
2467.31 5.00296e-12
2467.35 8.05721e-12
2467.39 1.28858e-11
2467.43 2.04646e-11
2467.47 3.22762e-11
2467.51 5.05555e-11
2467.54 7.86466e-11
2467.58 1.21512e-10
2467.62 1.86477e-10
2467.66 2.84265e-10
2467.7 4.30449e-10
2467.74 6.47515e-10
2467.78 9.67655e-10
2467.81 1.43669e-09
2467.85 2.1193e-09
2467.89 3.10636e-09
2467.93 4.52429e-09
2467.97 6.54831e-09
2468.01 9.41841e-09
2468.04 1.34627e-08
2468.08 1.91268e-08
2468.12 2.70083e-08
2468.16 3.79089e-08
2468.2 5.2892e-08
2468.24 7.33605e-08
2468.28 1.01152e-07
2468.31 1.38659e-07
2468.35 1.88977e-07
2468.39 2.56073e-07
2468.43 3.4501e-07
2468.47 4.62194e-07
2468.51 6.15676e-07
2468.55 8.15514e-07
2468.58 1.07417e-06
2468.62 1.40695e-06
2468.66 1.83258e-06
2468.7 2.37372e-06
2468.74 3.05758e-06
2468.78 3.9167e-06
2468.81 4.98946e-06
2468.85 6.32091e-06
2468.89 7.96356e-06
2468.93 9.97772e-06
2468.97 1.24325e-05
2469.01 1.54057e-05
2469.05 1.89849e-05
2469.08 2.32668e-05
2469.12 2.83578e-05
2469.16 3.43731e-05
2469.2 4.14352e-05
2469.24 4.96754e-05
2469.28 5.92284e-05
2469.32 7.02332e-05
2469.35 8.28297e-05
2469.39 9.71562e-05
2469.43 0.000113346
2469.47 0.000131521
2469.51 0.000151794
2469.55 0.000174261
2469.58 0.000198993
2469.62 0.000226039
2469.66 0.000255422
2469.7 0.000287127
2469.74 0.000321106
2469.78 0.000357278
2469.82 0.000395507
2469.85 0.000435633
2469.89 0.000477447
2469.93 0.000520699
2469.97 0.000565104
2470.01 0.000610338
2470.05 0.000656053
2470.09 0.000701867
2470.12 0.000747378
2470.16 0.000792176
2470.2 0.000835846
2470.24 0.000877974
2470.28 0.000918151
2470.32 0.000955993
2470.35 0.000991151
2470.39 0.0010233
2470.43 0.00105218
2470.47 0.00107755
2470.51 0.00109928
2470.55 0.00111725
2470.59 0.00113145
2470.62 0.00114192
2470.66 0.0011488
2470.7 0.00115228
2470.74 0.00115264
2470.78 0.00115023
2470.82 0.00114545
2470.86 0.0011388
2470.89 0.0011308
2470.93 0.00112203
2470.97 0.00111312
2471.01 0.00110472
2471.05 0.0010975
2471.09 0.00109216
2471.12 0.00108937
2471.16 0.00108982
2471.2 0.00109416
2471.24 0.00110301
2471.28 0.00111698
2471.32 0.00113658
2471.36 0.00116232
2471.39 0.00119459
2471.43 0.00123374
2471.47 0.00128002
2471.51 0.00133361
2471.55 0.00139458
2471.59 0.0014629
2471.62 0.00153844
2471.66 0.00162098
2471.7 0.00171016
2471.74 0.00180558
2471.78 0.00190666
2471.82 0.0020128
2471.86 0.00212326
2471.89 0.00223725
2471.93 0.00235386
2471.97 0.00247223
2472.01 0.00259132
2472.05 0.00271018
2472.09 0.00282773
2472.13 0.002943
2472.16 0.00305495
2472.2 0.00316261
2472.24 0.00326506
2472.28 0.0033614
2472.32 0.00345084
2472.36 0.00353261
2472.39 0.0036061
2472.43 0.00367073
2472.47 0.00372607
2472.51 0.00377173
2472.55 0.00380747
2472.59 0.00383315
2472.63 0.00384871
2472.66 0.00385419
2472.7 0.00384976
2472.74 0.0038356
2472.78 0.00381208
2472.82 0.00377957
2472.86 0.00373854
2472.9 0.00368954
2472.93 0.00363313
2472.97 0.00356995
2473.01 0.00350067
2473.05 0.00342599
2473.09 0.00334663
2473.13 0.00326332
2473.16 0.00317677
2473.2 0.00308767
2473.24 0.00299671
2473.28 0.00290455
2473.32 0.00281177
2473.36 0.00271893
2473.4 0.00262652
2473.43 0.00253499
2473.47 0.0024447
2473.51 0.002356
2473.55 0.0022691
2473.59 0.00218424
2473.63 0.00210154
2473.67 0.00202111
2473.7 0.00194302
2473.74 0.00186729
2473.78 0.00179391
2473.82 0.0017229
2473.86 0.00165421
2473.9 0.0015878
2473.93 0.00152367
2473.97 0.00146176
2474.01 0.00140206
2474.05 0.00134455
2474.09 0.00128924
2474.13 0.00123611
2474.17 0.00118517
2474.2 0.00113645
2474.24 0.00108995
2474.28 0.00104571
2474.32 0.00100373
2474.36 0.000964044
2474.4 0.000926651
2474.44 0.000891562
2474.47 0.000858776
2474.51 0.000828281
2474.55 0.000800057
2474.59 0.000774074
2474.63 0.000750296
2474.67 0.000728671
2474.7 0.000709141
2474.74 0.000691644
2474.78 0.000676104
2474.82 0.000662442
2474.86 0.000650576
2474.9 0.000640413
2474.94 0.000631862
2474.97 0.000624831
2475.01 0.00061922
2475.05 0.000614931
2475.09 0.000611874
2475.13 0.00060995
2475.17 0.000609068
2475.21 0.00060914
2475.24 0.000610078
2475.28 0.000611807
2475.32 0.000614246
2475.36 0.000617329
2475.4 0.000620986
2475.44 0.000625165
2475.47 0.000629808
2475.51 0.000634873
2475.55 0.000640314
2475.59 0.000646096
2475.63 0.000652188
2475.67 0.000658563
2475.71 0.0006652
2475.74 0.000672076
2475.78 0.000679177
2475.82 0.000686487
2475.86 0.000693993
2475.9 0.000701685
2475.94 0.000709555
2475.98 0.00071759
2476.01 0.000725781
2476.05 0.000734122
2476.09 0.000742602
2476.13 0.000751211
2476.17 0.000759943
2476.21 0.000768785
2476.24 0.000777731
2476.28 0.000786765
2476.32 0.000795881
2476.36 0.000805068
2476.4 0.000814316
2476.44 0.000823616
2476.48 0.000832957
2476.51 0.00084233
2476.55 0.000851725
2476.59 0.000861136
2476.63 0.000870555
2476.67 0.000879969
2476.71 0.000889378
2476.75 0.000898771
2476.78 0.000908142
2476.82 0.000917487
2476.86 0.000926801
2476.9 0.000936079
2476.94 0.000945316
2476.98 0.000954507
2477.01 0.000963648
2477.05 0.000972736
2477.09 0.000981765
2477.13 0.000990734
2477.17 0.00099964
2477.21 0.00100848
2477.25 0.00101725
2477.28 0.00102594
2477.32 0.00103457
2477.36 0.00104312
2477.4 0.0010516
2477.44 0.00106
2477.48 0.00106834
2477.52 0.0010766
2477.55 0.00108481
2477.59 0.00109295
2477.63 0.00110103
2477.67 0.00110906
2477.71 0.00111703
2477.75 0.00112497
2477.78 0.00113286
2477.82 0.00114071
2477.86 0.00114852
2477.9 0.0011563
2477.94 0.00116405
2477.98 0.00117176
2478.02 0.00117944
2478.05 0.00118708
2478.09 0.00119468
2478.13 0.00120223
2478.17 0.00120973
2478.21 0.00121717
2478.25 0.00122455
2478.29 0.00123184
2478.32 0.00123906
2478.36 0.00124618
2478.4 0.0012532
2478.44 0.0012601
2478.48 0.00126687
2478.52 0.0012735
2478.55 0.00127999
2478.59 0.00128632
2478.63 0.00129247
2478.67 0.00129844
2478.71 0.00130422
2478.75 0.0013098
2478.79 0.00131516
2478.82 0.00132031
2478.86 0.00132523
2478.9 0.00132992
2478.94 0.00133437
2478.98 0.00133858
2479.02 0.00134254
2479.06 0.00134626
2479.09 0.00134972
2479.13 0.00135294
2479.17 0.00135591
2479.21 0.00135863
2479.25 0.00136111
2479.29 0.00136334
2479.32 0.00136534
2479.36 0.00136709
2479.4 0.00136861
2479.44 0.0013699
2479.48 0.00137097
2479.52 0.00137181
2479.56 0.00137243
2479.59 0.00137283
2479.63 0.00137303
2479.67 0.00137301
2479.71 0.00137279
2479.75 0.00137236
2479.79 0.00137173
2479.83 0.0013709
2479.86 0.00136988
2479.9 0.00136866
2479.94 0.00136726
2479.98 0.00136566
2480.02 0.00136389
2480.06 0.00136192
2480.09 0.00135978
2480.13 0.00135747
2480.17 0.00135498
2480.21 0.00135232
2480.25 0.00134949
2480.29 0.00134651
2480.33 0.00134337
2480.36 0.00134008
2480.4 0.00133664
2480.44 0.00133307
2480.48 0.00132936
2480.52 0.00132553
2480.56 0.00132159
2480.6 0.00131754
2480.63 0.00131339
2480.67 0.00130915
2480.71 0.00130484
2480.75 0.00130046
2480.79 0.00129602
2480.83 0.00129154
2480.86 0.00128703
2480.9 0.00128249
2480.94 0.00127795
2480.98 0.00127341
2481.02 0.00126888
2481.06 0.00126438
2481.1 0.00125991
2481.13 0.00125549
2481.17 0.00125112
2481.21 0.0012468
2481.25 0.00124256
2481.29 0.00123839
2481.33 0.0012343
2481.37 0.00123028
2481.4 0.00122635
2481.44 0.00122249
2481.48 0.00121873
2481.52 0.00121504
2481.56 0.00121143
2481.6 0.0012079
2481.64 0.00120444
2481.67 0.00120105
2481.71 0.00119773
2481.75 0.00119447
2481.79 0.00119127
2481.83 0.00118813
2481.87 0.00118504
2481.9 0.00118201
2481.94 0.00117902
2481.98 0.00117609
2482.02 0.0011732
2482.06 0.00117037
2482.1 0.00116759
2482.14 0.00116487
2482.17 0.0011622
2482.21 0.0011596
2482.25 0.00115706
2482.29 0.0011546
2482.33 0.00115221
2482.37 0.0011499
2482.41 0.00114767
2482.44 0.00114553
2482.48 0.00114349
2482.52 0.00114153
2482.56 0.00113968
2482.6 0.00113792
2482.64 0.00113626
2482.67 0.0011347
2482.71 0.00113325
2482.75 0.00113189
2482.79 0.00113063
2482.83 0.00112948
2482.87 0.00112842
2482.91 0.00112745
2482.94 0.00112658
2482.98 0.0011258
2483.02 0.00112511
2483.06 0.00112451
2483.1 0.00112399
2483.14 0.00112355
2483.18 0.00112319
2483.21 0.00112291
2483.25 0.0011227
2483.29 0.00112255
2483.33 0.00112248
2483.37 0.00112247
2483.41 0.00112252
2483.44 0.00112262
2483.48 0.00112278
2483.52 0.00112298
2483.56 0.00112323
2483.6 0.00112352
2483.64 0.00112384
2483.68 0.00112419
2483.71 0.00112457
2483.75 0.00112498
2483.79 0.0011254
2483.83 0.00112584
2483.87 0.00112629
2483.91 0.00112675
2483.95 0.00112722
2483.98 0.00112769
2484.02 0.00112817
2484.06 0.00112865
2484.1 0.00112913
2484.14 0.00112962
2484.18 0.00113011
2484.21 0.00113061
2484.25 0.00113111
2484.29 0.00113163
2484.33 0.00113216
2484.37 0.00113271
2484.41 0.00113328
2484.45 0.00113387
2484.48 0.00113449
2484.52 0.00113514
2484.56 0.00113582
2484.6 0.00113653
2484.64 0.00113729
2484.68 0.00113808
2484.72 0.00113892
2484.75 0.0011398
2484.79 0.00114072
2484.83 0.00114168
2484.87 0.00114269
2484.91 0.00114373
2484.95 0.00114481
2484.98 0.00114593
2485.02 0.00114708
2485.06 0.00114827
2485.1 0.00114948
2485.14 0.00115071
2485.18 0.00115196
2485.22 0.00115323
2485.25 0.00115452
2485.29 0.00115581
2485.33 0.00115711
2485.37 0.00115842
2485.41 0.00115972
2485.45 0.00116103
2485.49 0.00116233
2485.52 0.00116363
2485.56 0.00116492
2485.6 0.00116621
2485.64 0.00116748
2485.68 0.00116875
2485.72 0.00117001
2485.75 0.00117126
2485.79 0.0011725
2485.83 0.00117372
2485.87 0.00117494
2485.91 0.00117614
2485.95 0.00117733
2485.99 0.00117851
2486.02 0.00117967
2486.06 0.00118082
2486.1 0.00118195
2486.14 0.00118306
2486.18 0.00118415
2486.22 0.00118521
2486.26 0.00118625
2486.29 0.00118726
2486.33 0.00118824
2486.37 0.00118919
2486.41 0.00119011
2486.45 0.00119099
2486.49 0.00119185
2486.52 0.00119267
2486.56 0.00119346
2486.6 0.00119422
2486.64 0.00119496
2486.68 0.00119568
2486.72 0.00119638
2486.76 0.00119706
2486.79 0.00119774
2486.83 0.00119841
2486.87 0.00119908
2486.91 0.00119976
2486.95 0.00120045
2486.99 0.00120115
2487.03 0.00120186
2487.06 0.00120259
2487.1 0.00120334
2487.14 0.0012041
2487.18 0.00120489
2487.22 0.00120568
2487.26 0.00120649
2487.29 0.0012073
2487.33 0.00120812
2487.37 0.00120893
2487.41 0.00120974
2487.45 0.00121053
2487.49 0.0012113
2487.53 0.00121204
2487.56 0.00121275
2487.6 0.00121341
2487.64 0.00121403
2487.68 0.0012146
2487.72 0.00121512
2487.76 0.00121557
2487.8 0.00121596
2487.83 0.00121628
2487.87 0.00121653
2487.91 0.00121671
2487.95 0.00121682
2487.99 0.00121685
2488.03 0.00121681
2488.06 0.0012167
2488.1 0.00121651
2488.14 0.00121625
2488.18 0.00121592
2488.22 0.00121552
2488.26 0.00121506
2488.3 0.00121454
2488.33 0.00121395
2488.37 0.00121331
2488.41 0.00121262
2488.45 0.00121188
2488.49 0.0012111
2488.53 0.00121028
2488.57 0.00120943
2488.6 0.00120856
2488.64 0.00120767
2488.68 0.00120676
2488.72 0.00120585
2488.76 0.00120493
2488.8 0.00120402
2488.83 0.00120311
2488.87 0.00120222
2488.91 0.00120135
2488.95 0.0012005
2488.99 0.00119967
2489.03 0.00119887
2489.07 0.0011981
2489.1 0.00119736
2489.14 0.00119665
2489.18 0.00119597
2489.22 0.00119532
2489.26 0.00119469
2489.3 0.0011941
2489.34 0.00119352
2489.37 0.00119296
2489.41 0.00119242
2489.45 0.00119189
2489.49 0.00119137
2489.53 0.00119085
2489.57 0.00119033
2489.6 0.0011898
2489.64 0.00118927
2489.68 0.00118872
2489.72 0.00118816
2489.76 0.00118758
2489.8 0.00118697
2489.84 0.00118635
2489.87 0.00118571
2489.91 0.00118504
2489.95 0.00118435
2489.99 0.00118363
2490.03 0.0011829
2490.07 0.00118215
2490.11 0.00118139
2490.14 0.00118061
2490.18 0.00117983
2490.22 0.00117904
2490.26 0.00117825
2490.3 0.00117747
2490.34 0.00117669
2490.37 0.00117592
2490.41 0.00117517
2490.45 0.00117443
2490.49 0.00117371
2490.53 0.00117301
2490.57 0.00117234
2490.61 0.00117168
2490.64 0.00117105
2490.68 0.00117044
2490.72 0.00116986
2490.76 0.00116929
2490.8 0.00116874
2490.84 0.00116821
2490.88 0.0011677
2490.91 0.00116719
2490.95 0.0011667
2490.99 0.00116622
2491.03 0.00116574
2491.07 0.00116527
2491.11 0.0011648
2491.14 0.00116434
2491.18 0.00116388
2491.22 0.00116342
2491.26 0.00116296
2491.3 0.00116251
2491.34 0.00116207
2491.38 0.00116163
2491.41 0.00116119
2491.45 0.00116077
2491.49 0.00116036
2491.53 0.00115996
2491.57 0.00115959
2491.61 0.00115923
2491.64 0.00115888
2491.68 0.00115857
2491.72 0.00115827
2491.76 0.001158
2491.8 0.00115776
2491.84 0.00115754
2491.88 0.00115734
2491.91 0.00115717
2491.95 0.00115703
2491.99 0.0011569
2492.03 0.00115679
2492.07 0.00115669
2492.11 0.00115661
2492.15 0.00115654
2492.18 0.00115647
2492.22 0.0011564
2492.26 0.00115634
2492.3 0.00115627
2492.34 0.0011562
2492.38 0.00115611
2492.41 0.00115602
2492.45 0.00115591
2492.49 0.00115579
2492.53 0.00115566
2492.57 0.00115551
2492.61 0.00115535
2492.65 0.00115517
2492.68 0.00115499
2492.72 0.00115479
2492.76 0.00115459
2492.8 0.00115437
2492.84 0.00115416
2492.88 0.00115394
2492.92 0.00115372
2492.95 0.0011535
2492.99 0.00115328
2493.03 0.00115306
2493.07 0.00115285
2493.11 0.00115264
2493.15 0.00115243
2493.18 0.00115222
2493.22 0.00115201
2493.26 0.0011518
2493.3 0.0011516
2493.34 0.00115139
2493.38 0.00115118
2493.42 0.00115097
2493.45 0.00115075
2493.49 0.00115053
2493.53 0.0011503
2493.57 0.00115007
2493.61 0.00114984
2493.65 0.00114961
2493.69 0.00114937
2493.72 0.00114914
2493.76 0.00114892
2493.8 0.0011487
2493.84 0.00114849
2493.88 0.00114829
2493.92 0.0011481
2493.95 0.00114793
2493.99 0.00114778
2494.03 0.00114764
2494.07 0.00114753
2494.11 0.00114743
2494.15 0.00114735
2494.19 0.0011473
2494.22 0.00114726
2494.26 0.00114723
2494.3 0.00114723
2494.34 0.00114723
2494.38 0.00114723
2494.42 0.00114724
2494.46 0.00114725
2494.49 0.00114726
2494.53 0.00114726
2494.57 0.00114724
2494.61 0.00114721
2494.65 0.00114716
2494.69 0.00114708
2494.72 0.00114698
2494.76 0.00114684
2494.8 0.00114667
2494.84 0.00114647
2494.88 0.00114623
2494.92 0.00114595
2494.96 0.00114563
2494.99 0.00114528
2495.03 0.00114488
2495.07 0.00114445
2495.11 0.00114398
2495.15 0.00114347
2495.19 0.00114293
2495.23 0.00114236
2495.26 0.00114176
2495.3 0.00114113
2495.34 0.00114047
2495.38 0.00113979
2495.42 0.00113909
2495.46 0.00113837
2495.49 0.00113764
2495.53 0.00113689
2495.57 0.00113613
2495.61 0.00113536
2495.65 0.00113458
2495.69 0.00113379
2495.73 0.00113301
2495.76 0.00113221
2495.8 0.00113142
2495.84 0.00113062
2495.88 0.00112983
2495.92 0.00112903
2495.96 0.00112823
2496 0.00112744
2496.03 0.00112665
2496.07 0.00112586
2496.11 0.00112508
2496.15 0.00112429
2496.19 0.00112352
2496.23 0.00112274
2496.26 0.00112198
2496.3 0.00112122
2496.34 0.00112046
2496.38 0.00111972
2496.42 0.00111899
2496.46 0.00111826
2496.5 0.00111755
2496.53 0.00111686
2496.57 0.00111618
2496.61 0.00111551
2496.65 0.00111487
2496.69 0.00111424
2496.73 0.00111363
2496.77 0.00111305
2496.8 0.00111248
2496.84 0.00111193
2496.88 0.00111141
2496.92 0.00111091
2496.96 0.00111043
2497 0.00110997
2497.03 0.00110953
2497.07 0.00110911
2497.11 0.00110872
2497.15 0.00110834
2497.19 0.00110798
2497.23 0.00110764
2497.27 0.00110732
2497.3 0.00110701
2497.34 0.00110672
2497.38 0.00110644
2497.42 0.00110618
2497.46 0.00110593
2497.5 0.00110568
2497.54 0.00110545
2497.57 0.00110522
2497.61 0.001105
2497.65 0.00110478
2497.69 0.00110457
2497.73 0.00110436
2497.77 0.00110414
2497.8 0.00110392
2497.84 0.0011037
2497.88 0.00110347
2497.92 0.00110323
2497.96 0.00110298
2498 0.00110272
2498.04 0.00110244
2498.07 0.00110215
2498.11 0.00110185
2498.15 0.00110153
2498.19 0.0011012
2498.23 0.00110086
2498.27 0.0011005
2498.31 0.00110013
2498.34 0.00109975
2498.38 0.00109937
2498.42 0.00109897
2498.46 0.00109858
2498.5 0.00109817
2498.54 0.00109777
2498.57 0.00109738
2498.61 0.00109698
2498.65 0.0010966
2498.69 0.00109622
2498.73 0.00109585
2498.77 0.0010955
2498.81 0.00109515
2498.84 0.00109482
2498.88 0.0010945
2498.92 0.0010942
2498.96 0.00109391
2499 0.00109363
2499.04 0.00109336
2499.08 0.00109309
2499.11 0.00109284
2499.15 0.00109258
2499.19 0.00109233
2499.23 0.00109207
2499.27 0.00109181
2499.31 0.00109154
2499.34 0.00109127
2499.38 0.00109098
2499.42 0.00109067
2499.46 0.00109035
2499.5 0.00109002
2499.54 0.00108966
2499.58 0.00108928
2499.61 0.00108888
2499.65 0.00108847
2499.69 0.00108803
2499.73 0.00108757
2499.77 0.0010871
2499.81 0.0010866
2499.85 0.0010861
2499.88 0.00108559
2499.92 0.00108507
2499.96 0.00108454
2500 0.00108401
2500.04 0.00108349
2500.08 0.00108297
2500.11 0.00108246
2500.15 0.00108196
2500.19 0.00108148
2500.23 0.00108102
2500.27 0.00108059
2500.31 0.00108018
2500.35 0.0010798
2500.38 0.00107945
2500.42 0.00107913
2500.46 0.00107885
