2462 3.6612e-84
2462.04 1.96343e-83
2462.08 1.04491e-82
2462.12 5.51835e-82
2462.15 2.89213e-81
2462.19 1.50416e-80
2462.23 7.76342e-80
2462.27 3.97637e-79
2462.31 2.02112e-78
2462.35 1.0195e-77
2462.39 5.103e-77
2462.42 2.53496e-76
2462.46 1.24964e-75
2462.5 6.11306e-75
2462.54 2.96772e-74
2462.58 1.42972e-73
2462.62 6.8354e-73
2462.65 3.24296e-72
2462.69 1.52688e-71
2462.73 7.13417e-71
2462.77 3.30783e-70
2462.81 1.52203e-69
2462.85 6.94986e-69
2462.89 3.14931e-68
2462.92 1.41621e-67
2462.96 6.31988e-67
2463 2.79878e-66
2463.04 1.23e-65
2463.08 5.36438e-65
2463.12 2.32164e-64
2463.16 9.97115e-64
2463.19 4.24988e-63
2463.23 1.79758e-62
2463.27 7.54533e-62
2463.31 3.14288e-61
2463.35 1.29918e-60
2463.39 5.32948e-60
2463.42 2.16949e-59
2463.46 8.76437e-59
2463.5 3.51356e-58
2463.54 1.39784e-57
2463.58 5.51885e-57
2463.62 2.1622e-56
2463.66 8.40683e-56
2463.69 3.24369e-55
2463.73 1.24201e-54
2463.77 4.71918e-54
2463.81 1.77957e-53
2463.85 6.65915e-53
2463.89 2.47287e-52
2463.93 9.11291e-52
2463.96 3.33269e-51
2464 1.20951e-50
2464.04 4.35595e-50
2464.08 1.55687e-49
2464.12 5.52188e-49
2464.16 1.94352e-48
2464.19 6.78841e-48
2464.23 2.35308e-47
2464.27 8.09417e-47
2464.31 2.763e-46
2464.35 9.35967e-46
2464.39 3.14646e-45
2464.43 1.04968e-44
2464.46 3.47511e-44
2464.5 1.14169e-43
2464.54 3.72222e-43
2464.58 1.20432e-42
2464.62 3.8667e-42
2464.66 1.23208e-41
2464.7 3.89599e-41
2464.73 1.22247e-40
2464.77 3.80655e-40
2464.81 1.17635e-39
2464.85 3.60729e-39
2464.89 1.09782e-38
2464.93 3.31551e-38
2464.96 9.93646e-38
2465 2.95531e-37
2465.04 8.72244e-37
2465.08 2.55475e-36
2465.12 7.42566e-36
2465.16 2.14193e-35
2465.2 6.13131e-35
2465.23 1.74163e-34
2465.27 4.90965e-34
2465.31 1.37345e-33
2465.35 3.81276e-33
2465.39 1.05044e-32
2465.43 2.87186e-32
2465.47 7.79157e-32
2465.5 2.09786e-31
2465.54 5.60536e-31
2465.58 1.48625e-30
2465.62 3.91087e-30
2465.66 1.02119e-29
2465.7 2.64625e-29
2465.73 6.80508e-29
2465.77 1.73662e-28
2465.81 4.39794e-28
2465.85 1.10532e-27
2465.89 2.75669e-27
2465.93 6.82267e-27
2465.97 1.6758e-26
2466 4.08463e-26
2466.04 9.88009e-26
2466.08 2.37162e-25
2466.12 5.64925e-25
2466.16 1.33548e-24
2466.2 3.13297e-24
2466.24 7.29362e-24
2466.27 1.68505e-23
2466.31 3.86349e-23
2466.35 8.78985e-23
2466.39 1.98466e-22
2466.43 4.44691e-22
2466.47 9.88832e-22
2466.5 2.18198e-21
2466.54 4.77832e-21
2466.58 1.03838e-20
2466.62 2.23933e-20
2466.66 4.7925e-20
2466.7 1.01786e-19
2466.74 2.14535e-19
2466.77 4.48731e-19
2466.81 9.31398e-19
2466.85 1.91858e-18
2466.89 3.92202e-18
2466.93 7.95637e-18
2466.97 1.60174e-17
2467.01 3.20007e-17
2467.04 6.34457e-17
2467.08 1.24834e-16
2467.12 2.43749e-16
2467.16 4.7231e-16
2467.2 9.08277e-16
2467.24 1.73327e-15
2467.27 3.28253e-15
2467.31 6.16937e-15
2467.35 1.15065e-14
2467.39 2.12982e-14
2467.43 3.91207e-14
2467.47 7.1316e-14
2467.51 1.29019e-13
2467.54 2.31634e-13
2467.58 4.12691e-13
2467.62 7.29737e-13
2467.66 1.28048e-12
2467.7 2.22983e-12
2467.74 3.85365e-12
2467.78 6.60945e-12
2467.81 1.125e-11
2467.85 1.90033e-11
2467.89 3.18568e-11
2467.93 5.29991e-11
2467.97 8.75102e-11
2468.01 1.43394e-10
2468.04 2.33189e-10
2468.08 3.76329e-10
2468.12 6.02799e-10
2468.16 9.58201e-10
2468.2 1.51168e-09
2468.24 2.36686e-09
2468.28 3.67796e-09
2468.31 5.67182e-09
2468.35 8.68125e-09
2468.39 1.31875e-08
2468.43 1.98816e-08
2468.47 2.97488e-08
2468.51 4.4177e-08
2468.55 6.5114e-08
2468.58 9.52542e-08
2468.62 1.38303e-07
2468.66 1.99301e-07
2468.7 2.85056e-07
2468.74 4.0466e-07
2468.78 5.70189e-07
2468.81 7.97409e-07
2468.85 1.10691e-06
2468.89 1.52506e-06
2468.93 2.08563e-06
2468.97 2.83117e-06
2469.01 3.81468e-06
2469.05 5.10201e-06
2469.08 6.77338e-06
2469.12 8.92584e-06
2469.16 1.16763e-05
2469.2 1.51619e-05
2469.24 1.95438e-05
2469.28 2.50079e-05
2469.32 3.17662e-05
2469.35 4.0058e-05
2469.39 5.01456e-05
2469.43 6.23206e-05
2469.47 7.68898e-05
2469.51 9.41821e-05
2469.55 0.000114534
2469.58 0.000138283
2469.62 0.000165759
2469.66 0.000197277
2469.7 0.000233115
2469.74 0.000273506
2469.78 0.000318625
2469.82 0.000368567
2469.85 0.000423326
2469.89 0.000482817
2469.93 0.00054679
2469.97 0.000614951
2470.01 0.000686766
2470.05 0.000761671
2470.09 0.000838865
2470.12 0.000917539
2470.16 0.000996708
2470.2 0.00107524
2470.24 0.00115208
2470.28 0.001226
2470.32 0.00129587
2470.35 0.0013604
2470.39 0.00141856
2470.43 0.00146932
2470.47 0.00151174
2470.51 0.00154506
2470.55 0.00156874
2470.59 0.00158239
2470.62 0.0015858
2470.66 0.00157902
2470.7 0.00156238
2470.74 0.00153629
2470.78 0.00150147
2470.82 0.00145873
2470.86 0.00140918
2470.89 0.00135395
2470.93 0.00129433
2470.97 0.00123168
2471.01 0.00116736
2471.05 0.00110281
2471.09 0.00103951
2471.12 0.000978784
2471.16 0.000921925
2471.2 0.000870235
2471.24 0.000824898
2471.28 0.000786951
2471.32 0.000757316
2471.36 0.00073694
2471.39 0.000726478
2471.43 0.000726573
2471.47 0.000737759
2471.51 0.000760395
2471.55 0.000794764
2471.59 0.000841009
2471.62 0.000899155
2471.66 0.000969081
2471.7 0.00105062
2471.74 0.00114338
2471.78 0.00124681
2471.82 0.00136034
2471.86 0.0014832
2471.89 0.00161441
2471.93 0.00175299
2471.97 0.00189774
2472.01 0.00204732
2472.05 0.00220047
2472.09 0.00235561
2472.13 0.00251124
2472.16 0.00266577
2472.2 0.00281762
2472.24 0.00296526
2472.28 0.00310701
2472.32 0.00324158
2472.36 0.00336747
2472.39 0.00348352
2472.43 0.00358852
2472.47 0.00368166
2472.51 0.00376208
2472.55 0.00382919
2472.59 0.0038826
2472.63 0.00392211
2472.66 0.00394772
2472.7 0.00395956
2472.74 0.00395804
2472.78 0.00394366
2472.82 0.00391694
2472.86 0.00387882
2472.9 0.00383005
2472.93 0.00377165
2472.97 0.00370453
2473.01 0.00362986
2473.05 0.00354855
2473.09 0.00346174
2473.13 0.00337038
2473.16 0.00327551
2473.2 0.00317793
2473.24 0.0030786
2473.28 0.00297815
2473.32 0.00287739
2473.36 0.00277673
2473.4 0.00267688
2473.43 0.00257814
2473.47 0.0024809
2473.51 0.00238556
2473.55 0.0022922
2473.59 0.00220116
2473.63 0.00211266
2473.67 0.00202673
2473.7 0.00194366
2473.74 0.00186343
2473.78 0.00178624
2473.82 0.00171222
2473.86 0.00164138
2473.9 0.00157391
2473.93 0.00150987
2473.97 0.00144927
2474.01 0.00139215
2474.05 0.00133853
2474.09 0.00128832
2474.13 0.00124152
2474.17 0.001198
2474.2 0.00115764
2474.24 0.00112024
2474.28 0.00108562
2474.32 0.0010536
2474.36 0.00102392
2474.4 0.000996373
2474.44 0.000970732
2474.47 0.000946798
2474.51 0.000924354
2474.55 0.000903252
2474.59 0.000883332
2474.63 0.000864479
2474.67 0.000846621
2474.7 0.000829686
2474.74 0.000813638
2474.78 0.000798486
2474.82 0.000784246
2474.86 0.00077093
2474.9 0.000758594
2474.94 0.000747274
2474.97 0.000737014
2475.01 0.000727858
2475.05 0.000719833
2475.09 0.000712966
2475.13 0.000707276
2475.17 0.000702751
2475.21 0.000699368
2475.24 0.000697097
2475.28 0.000695906
2475.32 0.000695731
2475.36 0.000696516
2475.4 0.000698191
2475.44 0.000700687
2475.47 0.00070391
2475.51 0.0007078
2475.55 0.000712281
2475.59 0.000717269
2475.63 0.000722703
2475.67 0.000728521
2475.71 0.000734668
2475.74 0.000741096
2475.78 0.000747756
2475.82 0.000754633
2475.86 0.000761692
2475.9 0.000768909
2475.94 0.000776285
2475.98 0.000783819
2476.01 0.000791502
2476.05 0.00079936
2476.09 0.000807385
2476.13 0.000815603
2476.17 0.000824017
2476.21 0.000832649
2476.24 0.000841505
2476.28 0.000850603
2476.32 0.000859941
2476.36 0.000869506
2476.4 0.000879318
2476.44 0.000889347
2476.48 0.000899583
2476.51 0.000909997
2476.55 0.000920568
2476.59 0.00093126
2476.63 0.000942042
2476.67 0.000952877
2476.71 0.000963715
2476.75 0.000974521
2476.78 0.000985274
2476.82 0.00099591
2476.86 0.0010064
2476.9 0.00101671
2476.94 0.00102682
2476.98 0.0010367
2477.01 0.0010463
2477.05 0.00105562
2477.09 0.00106465
2477.13 0.00107334
2477.17 0.0010817
2477.21 0.00108971
2477.25 0.00109735
2477.28 0.00110461
2477.32 0.00111149
2477.36 0.00111797
2477.4 0.00112403
2477.44 0.00112969
2477.48 0.00113491
2477.52 0.00113972
2477.55 0.00114409
2477.59 0.00114804
2477.63 0.00115158
2477.67 0.0011547
2477.71 0.00115744
2477.75 0.00115981
2477.78 0.00116184
2477.82 0.00116357
2477.86 0.00116502
2477.9 0.00116626
2477.94 0.00116732
2477.98 0.00116826
2478.02 0.00116913
2478.05 0.00116999
2478.09 0.00117091
2478.13 0.00117193
2478.17 0.00117311
2478.21 0.00117452
2478.25 0.00117617
2478.29 0.00117812
2478.32 0.00118041
2478.36 0.00118305
2478.4 0.00118605
2478.44 0.00118944
2478.48 0.0011932
2478.52 0.00119732
2478.55 0.00120178
2478.59 0.00120654
2478.63 0.00121159
2478.67 0.00121687
2478.71 0.00122233
2478.75 0.00122794
2478.79 0.00123365
2478.82 0.0012394
2478.86 0.00124514
2478.9 0.00125082
2478.94 0.00125641
2478.98 0.00126186
2479.02 0.00126713
2479.06 0.0012722
2479.09 0.00127702
2479.13 0.00128159
2479.17 0.00128587
2479.21 0.00128986
2479.25 0.00129353
2479.29 0.00129688
2479.32 0.0012999
2479.36 0.00130257
2479.4 0.00130489
2479.44 0.00130686
2479.48 0.00130846
2479.52 0.00130969
2479.56 0.00131056
2479.59 0.00131103
2479.63 0.00131112
2479.67 0.00131082
2479.71 0.00131011
2479.75 0.00130902
2479.79 0.00130752
2479.83 0.00130563
2479.86 0.00130335
2479.9 0.00130068
2479.94 0.00129766
2479.98 0.00129428
2480.02 0.00129057
2480.06 0.00128655
2480.09 0.00128226
2480.13 0.00127773
2480.17 0.00127297
2480.21 0.00126805
2480.25 0.00126298
2480.29 0.0012578
2480.33 0.00125257
2480.36 0.0012473
2480.4 0.00124205
2480.44 0.00123683
2480.48 0.0012317
2480.52 0.00122666
2480.56 0.00122176
2480.6 0.00121702
2480.63 0.00121247
2480.67 0.00120811
2480.71 0.00120398
2480.75 0.00120006
2480.79 0.0011964
2480.83 0.00119297
2480.86 0.0011898
2480.9 0.00118687
2480.94 0.0011842
2480.98 0.00118176
2481.02 0.00117956
2481.06 0.00117758
2481.1 0.00117581
2481.13 0.00117424
2481.17 0.00117285
2481.21 0.00117161
2481.25 0.00117052
2481.29 0.00116954
2481.33 0.00116866
2481.37 0.00116787
2481.4 0.00116713
2481.44 0.00116644
2481.48 0.00116577
2481.52 0.00116512
2481.56 0.00116447
2481.6 0.00116382
2481.64 0.00116315
2481.67 0.00116246
2481.71 0.00116176
2481.75 0.00116104
2481.79 0.0011603
2481.83 0.00115954
2481.87 0.00115879
2481.9 0.00115803
2481.94 0.00115727
2481.98 0.00115653
2482.02 0.0011558
2482.06 0.00115509
2482.1 0.00115441
2482.14 0.00115377
2482.17 0.00115314
2482.21 0.00115255
2482.25 0.00115199
2482.29 0.00115146
2482.33 0.00115097
2482.37 0.0011505
2482.41 0.00115006
2482.44 0.00114965
2482.48 0.00114926
2482.52 0.0011489
2482.56 0.00114857
2482.6 0.00114827
2482.64 0.001148
2482.67 0.00114777
2482.71 0.00114759
2482.75 0.00114745
2482.79 0.00114737
2482.83 0.00114736
2482.87 0.00114741
2482.91 0.00114755
2482.94 0.00114777
2482.98 0.00114808
2483.02 0.00114849
2483.06 0.00114901
2483.1 0.00114963
2483.14 0.00115036
2483.18 0.00115121
2483.21 0.00115217
2483.25 0.00115324
2483.29 0.00115442
2483.33 0.00115572
2483.37 0.00115712
2483.41 0.00115864
2483.44 0.00116026
2483.48 0.001162
2483.52 0.00116385
2483.56 0.00116582
2483.6 0.00116789
2483.64 0.00117009
2483.68 0.00117239
2483.71 0.00117482
2483.75 0.00117735
2483.79 0.00118
2483.83 0.00118275
2483.87 0.00118561
2483.91 0.00118856
2483.95 0.00119157
2483.98 0.00119465
2484.02 0.00119779
2484.06 0.00120094
2484.1 0.00120409
2484.14 0.00120721
2484.18 0.00121028
2484.21 0.00121328
2484.25 0.00121616
2484.29 0.00121891
2484.33 0.0012215
2484.37 0.00122389
2484.41 0.00122609
2484.45 0.00122805
2484.48 0.00122977
2484.52 0.00123124
2484.56 0.00123245
2484.6 0.0012334
2484.64 0.00123408
2484.68 0.00123453
2484.72 0.00123473
2484.75 0.00123472
2484.79 0.00123451
2484.83 0.00123412
2484.87 0.00123359
2484.91 0.00123293
2484.95 0.00123219
2484.98 0.0012314
2485.02 0.00123058
2485.06 0.00122976
2485.1 0.00122896
2485.14 0.00122823
2485.18 0.00122755
2485.22 0.00122696
2485.25 0.00122648
2485.29 0.00122608
2485.33 0.00122579
2485.37 0.00122559
2485.41 0.00122546
2485.45 0.0012254
2485.49 0.00122537
2485.52 0.00122535
2485.56 0.00122531
2485.6 0.00122522
2485.64 0.00122504
2485.68 0.00122474
2485.72 0.00122429
2485.75 0.00122366
2485.79 0.00122282
2485.83 0.00122176
2485.87 0.00122046
2485.91 0.00121892
2485.95 0.00121714
2485.99 0.00121512
2486.02 0.00121288
2486.06 0.00121044
2486.1 0.00120784
2486.14 0.00120509
2486.18 0.00120225
2486.22 0.00119934
2486.26 0.0011964
2486.29 0.00119349
2486.33 0.00119064
2486.37 0.00118787
2486.41 0.00118522
2486.45 0.00118273
2486.49 0.00118042
2486.52 0.00117828
2486.56 0.00117637
2486.6 0.00117465
2486.64 0.00117315
2486.68 0.00117186
2486.72 0.00117078
2486.76 0.00116988
2486.79 0.00116916
2486.83 0.0011686
2486.87 0.00116819
2486.91 0.00116792
2486.95 0.00116775
2486.99 0.00116768
2487.03 0.0011677
2487.06 0.00116778
2487.1 0.00116792
2487.14 0.00116811
2487.18 0.00116833
2487.22 0.00116858
2487.26 0.00116886
2487.29 0.00116915
2487.33 0.00116945
2487.37 0.00116977
2487.41 0.00117011
2487.45 0.00117044
2487.49 0.00117078
2487.53 0.00117112
2487.56 0.00117147
2487.6 0.0011718
2487.64 0.00117213
2487.68 0.00117244
2487.72 0.00117273
2487.76 0.00117301
2487.8 0.00117326
2487.83 0.00117346
2487.87 0.00117365
2487.91 0.00117379
2487.95 0.00117388
2487.99 0.00117393
2488.03 0.00117393
2488.06 0.00117389
2488.1 0.00117381
2488.14 0.00117368
2488.18 0.00117351
2488.22 0.00117331
2488.26 0.00117309
2488.3 0.00117285
2488.33 0.0011726
2488.37 0.00117235
2488.41 0.00117212
2488.45 0.00117189
2488.49 0.0011717
2488.53 0.00117155
2488.57 0.00117144
2488.6 0.00117139
2488.64 0.00117139
2488.68 0.00117146
2488.72 0.0011716
2488.76 0.00117179
2488.8 0.00117206
2488.83 0.00117239
2488.87 0.00117278
2488.91 0.00117323
2488.95 0.00117373
2488.99 0.00117426
2489.03 0.00117483
2489.07 0.0011754
2489.1 0.00117599
2489.14 0.00117657
2489.18 0.00117714
2489.22 0.00117766
2489.26 0.00117815
2489.3 0.00117858
2489.34 0.00117895
2489.37 0.00117925
2489.41 0.00117946
2489.45 0.00117959
2489.49 0.00117964
2489.53 0.00117959
2489.57 0.00117946
2489.6 0.00117924
2489.64 0.00117895
2489.68 0.00117859
2489.72 0.00117817
2489.76 0.00117771
2489.8 0.00117721
2489.84 0.00117669
2489.87 0.00117618
2489.91 0.00117567
2489.95 0.00117521
2489.99 0.00117478
2490.03 0.00117442
2490.07 0.00117413
2490.11 0.00117393
2490.14 0.00117384
2490.18 0.00117384
2490.22 0.00117396
2490.26 0.00117421
2490.3 0.00117457
2490.34 0.00117508
2490.37 0.0011757
2490.41 0.00117647
2490.45 0.00117736
2490.49 0.00117839
2490.53 0.00117956
2490.57 0.00118086
2490.61 0.0011823
2490.64 0.00118387
2490.68 0.00118558
2490.72 0.00118743
2490.76 0.00118941
2490.8 0.00119154
2490.84 0.0011938
2490.88 0.00119619
2490.91 0.00119873
2490.95 0.00120138
2490.99 0.00120416
2491.03 0.00120705
2491.07 0.00121003
2491.11 0.00121309
2491.14 0.00121621
2491.18 0.00121936
2491.22 0.00122253
2491.26 0.00122568
2491.3 0.00122879
2491.34 0.00123182
2491.38 0.00123475
2491.41 0.00123755
2491.45 0.0012402
2491.49 0.00124266
2491.53 0.0012449
2491.57 0.00124693
2491.61 0.00124872
2491.64 0.00125026
2491.68 0.00125155
2491.72 0.00125259
2491.76 0.00125337
2491.8 0.00125391
2491.84 0.00125422
2491.88 0.00125432
2491.91 0.00125421
2491.95 0.00125392
2491.99 0.00125348
2492.03 0.00125289
2492.07 0.00125219
2492.11 0.00125137
2492.15 0.00125046
2492.18 0.00124948
2492.22 0.00124843
2492.26 0.00124732
2492.3 0.00124616
2492.34 0.00124494
2492.38 0.00124367
2492.41 0.00124233
2492.45 0.00124094
2492.49 0.00123949
2492.53 0.00123797
2492.57 0.00123637
2492.61 0.0012347
2492.65 0.00123295
2492.68 0.00123112
2492.72 0.00122921
2492.76 0.00122724
2492.8 0.00122519
2492.84 0.00122309
2492.88 0.00122094
2492.92 0.00121875
2492.95 0.00121656
2492.99 0.00121435
2493.03 0.00121216
2493.07 0.00120999
2493.11 0.00120787
2493.15 0.0012058
2493.18 0.00120382
2493.22 0.00120192
2493.26 0.00120011
2493.3 0.00119841
2493.34 0.00119683
2493.38 0.00119536
2493.42 0.00119402
2493.45 0.00119279
2493.49 0.00119169
2493.53 0.00119069
2493.57 0.00118981
2493.61 0.00118902
2493.65 0.00118833
2493.69 0.00118771
2493.72 0.00118718
2493.76 0.00118669
2493.8 0.00118625
2493.84 0.00118585
2493.88 0.00118548
2493.92 0.00118512
2493.95 0.00118477
2493.99 0.00118441
2494.03 0.00118404
2494.07 0.00118364
2494.11 0.00118321
2494.15 0.00118274
2494.19 0.00118223
2494.22 0.00118167
2494.26 0.00118105
2494.3 0.00118036
2494.34 0.00117961
2494.38 0.00117876
2494.42 0.00117783
2494.46 0.00117682
2494.49 0.0011757
2494.53 0.00117449
2494.57 0.00117316
2494.61 0.00117172
2494.65 0.00117017
2494.69 0.0011685
2494.72 0.00116673
2494.76 0.00116484
2494.8 0.00116286
2494.84 0.00116077
2494.88 0.00115861
2494.92 0.00115638
2494.96 0.00115409
2494.99 0.00115177
2495.03 0.00114942
2495.07 0.00114709
2495.11 0.00114477
2495.15 0.00114251
2495.19 0.00114031
2495.23 0.0011382
2495.26 0.00113619
2495.3 0.00113431
2495.34 0.00113255
2495.38 0.00113095
2495.42 0.0011295
2495.46 0.00112822
2495.49 0.00112708
2495.53 0.00112611
2495.57 0.0011253
2495.61 0.00112462
2495.65 0.0011241
2495.69 0.00112369
2495.73 0.00112339
2495.76 0.0011232
2495.8 0.00112309
2495.84 0.00112305
2495.88 0.00112305
2495.92 0.00112309
2495.96 0.00112315
2496 0.00112321
2496.03 0.00112326
2496.07 0.00112329
2496.11 0.00112328
2496.15 0.0011232
2496.19 0.00112308
2496.23 0.00112287
2496.26 0.00112258
2496.3 0.00112219
2496.34 0.00112169
2496.38 0.00112108
2496.42 0.00112035
2496.46 0.00111949
2496.5 0.00111848
2496.53 0.00111734
2496.57 0.00111606
2496.61 0.00111462
2496.65 0.00111304
2496.69 0.00111131
2496.73 0.00110944
2496.77 0.00110743
2496.8 0.0011053
2496.84 0.00110305
2496.88 0.00110068
2496.92 0.00109824
2496.96 0.00109573
2497 0.00109316
2497.03 0.00109056
2497.07 0.00108796
2497.11 0.00108539
2497.15 0.00108286
2497.19 0.00108041
2497.23 0.00107805
2497.27 0.00107581
2497.3 0.00107373
2497.34 0.00107179
2497.38 0.00107005
2497.42 0.0010685
2497.46 0.00106715
2497.5 0.00106601
2497.54 0.00106508
2497.57 0.00106436
2497.61 0.00106384
2497.65 0.00106351
2497.69 0.00106337
2497.73 0.00106338
2497.77 0.00106353
2497.8 0.0010638
2497.84 0.00106417
2497.88 0.00106462
2497.92 0.0010651
2497.96 0.00106562
2498 0.00106613
2498.04 0.00106662
2498.07 0.00106707
2498.11 0.00106746
2498.15 0.00106778
2498.19 0.00106801
2498.23 0.00106813
2498.27 0.00106816
2498.31 0.00106806
2498.34 0.00106787
2498.38 0.00106756
2498.42 0.00106715
2498.46 0.00106664
2498.5 0.00106604
2498.54 0.00106536
2498.57 0.00106461
2498.61 0.00106381
2498.65 0.00106295
2498.69 0.00106207
2498.73 0.00106118
2498.77 0.00106028
2498.81 0.0010594
2498.84 0.00105854
2498.88 0.00105772
2498.92 0.00105695
2498.96 0.00105624
2499 0.0010556
2499.04 0.00105505
2499.08 0.00105458
2499.11 0.00105422
2499.15 0.00105396
2499.19 0.0010538
2499.23 0.00105377
2499.27 0.00105385
2499.31 0.00105406
2499.34 0.00105438
2499.38 0.00105482
2499.42 0.0010554
2499.46 0.00105608
2499.5 0.00105688
2499.54 0.00105778
2499.58 0.00105879
2499.61 0.0010599
2499.65 0.00106108
2499.69 0.00106233
2499.73 0.00106365
2499.77 0.001065
2499.81 0.00106638
2499.85 0.00106777
2499.88 0.00106916
2499.92 0.00107052
2499.96 0.00107183
2500 0.00107308
2500.04 0.00107425
2500.08 0.00107532
2500.11 0.00107627
2500.15 0.00107708
2500.19 0.00107775
2500.23 0.00107826
2500.27 0.00107861
2500.31 0.00107879
2500.35 0.0010788
2500.38 0.00107863
2500.42 0.00107829
2500.46 0.00107779
