2462 1.73954e-90
2462.04 9.91629e-90
2462.08 5.6097e-89
2462.12 3.14924e-88
2462.15 1.7545e-87
2462.19 9.7001e-87
2462.23 5.32167e-86
2462.27 2.89761e-85
2462.31 1.56561e-84
2462.35 8.39488e-84
2462.39 4.46682e-83
2462.42 2.35883e-82
2462.46 1.2361e-81
2462.5 6.42826e-81
2462.54 3.31744e-80
2462.58 1.699e-79
2462.62 8.63504e-79
2462.65 4.35514e-78
2462.69 2.17984e-77
2462.73 1.08272e-76
2462.77 5.33713e-76
2462.81 2.61069e-75
2462.85 1.26733e-74
2462.89 6.10524e-74
2462.92 2.91862e-73
2462.96 1.38466e-72
2463 6.51924e-72
2463.04 3.04583e-71
2463.08 1.4122e-70
2463.12 6.49798e-70
2463.16 2.96714e-69
2463.19 1.34453e-68
2463.23 6.04632e-68
2463.27 2.69817e-67
2463.31 1.19492e-66
2463.35 5.25166e-66
2463.39 2.29039e-65
2463.42 9.91296e-65
2463.46 4.25784e-64
2463.5 1.81487e-63
2463.54 7.6772e-63
2463.58 3.22262e-62
2463.62 1.34251e-61
2463.66 5.55015e-61
2463.69 2.27692e-60
2463.73 9.26983e-60
2463.77 3.74537e-59
2463.81 1.50173e-58
2463.85 5.97528e-58
2463.89 2.35951e-57
2463.93 9.24609e-57
2463.96 3.59563e-56
2464 1.38762e-55
2464.04 5.31419e-55
2464.08 2.0198e-54
2464.12 7.61805e-54
2464.16 2.85143e-53
2464.19 1.05915e-52
2464.23 3.90432e-52
2464.27 1.42823e-51
2464.31 5.18482e-51
2464.35 1.868e-50
2464.39 6.67833e-50
2464.43 2.36955e-49
2464.46 8.34344e-49
2464.5 2.91537e-48
2464.54 1.01093e-47
2464.58 3.47892e-47
2464.62 1.18807e-46
2464.66 4.02651e-46
2464.7 1.35423e-45
2464.73 4.51996e-45
2464.77 1.49721e-44
2464.81 4.92131e-44
2464.85 1.60546e-43
2464.89 5.19731e-43
2464.93 1.66975e-42
2464.96 5.32383e-42
2465 1.68442e-41
2465.04 5.28919e-41
2465.08 1.6481e-40
2465.12 5.09649e-40
2465.16 1.56412e-39
2465.2 4.76352e-39
2465.23 1.43975e-38
2465.27 4.31848e-38
2465.31 1.28547e-37
2465.35 3.79732e-37
2465.39 1.11323e-36
2465.43 3.23869e-36
2465.47 9.35092e-36
2465.5 2.67928e-35
2465.54 7.61859e-35
2465.58 2.14994e-34
2465.62 6.02069e-34
2465.66 1.67337e-33
2465.7 4.61539e-33
2465.73 1.26334e-32
2465.77 3.43174e-32
2465.81 9.25114e-32
2465.85 2.47508e-31
2465.89 6.57129e-31
2465.93 1.73151e-30
2465.97 4.528e-30
2466 1.17502e-29
2466.04 3.02619e-29
2466.08 7.73483e-29
2466.12 1.96192e-28
2466.16 4.9389e-28
2466.2 1.23381e-27
2466.24 3.05896e-27
2466.27 7.52665e-27
2466.31 1.83791e-26
2466.35 4.45396e-26
2466.39 1.07118e-25
2466.43 2.55675e-25
2466.47 6.05646e-25
2466.5 1.42375e-24
2466.54 3.32169e-24
2466.58 7.69094e-24
2466.62 1.7673e-23
2466.66 4.03038e-23
2466.7 9.12179e-23
2466.74 2.04891e-22
2466.77 4.56744e-22
2466.81 1.01048e-21
2466.85 2.21867e-21
2466.89 4.83462e-21
2466.93 1.04554e-20
2466.97 2.24401e-20
2467.01 4.77999e-20
2467.04 1.01052e-19
2467.08 2.12017e-19
2467.12 4.41475e-19
2467.16 9.12346e-19
2467.2 1.87125e-18
2467.24 3.80904e-18
2467.27 7.69511e-18
2467.31 1.5429e-17
2467.35 3.07032e-17
2467.39 6.06397e-17
2467.43 1.18858e-16
2467.47 2.31228e-16
2467.51 4.46452e-16
2467.54 8.55551e-16
2467.58 1.62712e-15
2467.62 3.07141e-15
2467.66 5.75422e-15
2467.7 1.06996e-14
2467.74 1.97458e-14
2467.78 3.6167e-14
2467.81 6.57475e-14
2467.85 1.18632e-13
2467.89 2.12454e-13
2467.93 3.7762e-13
2467.97 6.66178e-13
2468.01 1.16646e-12
2468.04 2.02722e-12
2468.08 3.49681e-12
2468.12 5.98702e-12
2468.16 1.01736e-11
2468.2 1.71591e-11
2468.24 2.8726e-11
2468.28 4.77307e-11
2468.31 7.87239e-11
2468.35 1.28871e-10
2468.39 2.094e-10
2468.43 3.3772e-10
2468.47 5.40654e-10
2468.51 8.59068e-10
2468.55 1.35495e-09
2468.58 2.12119e-09
2468.62 3.29623e-09
2468.66 5.08436e-09
2468.7 7.78485e-09
2468.74 1.18311e-08
2468.78 1.78481e-08
2468.81 2.67268e-08
2468.85 3.97282e-08
2468.89 5.86212e-08
2468.93 8.58574e-08
2468.97 1.24834e-07
2469.01 1.80165e-07
2469.05 2.58117e-07
2469.08 3.6709e-07
2469.12 5.18257e-07
2469.16 7.26332e-07
2469.2 1.01048e-06
2469.24 1.39557e-06
2469.28 1.91336e-06
2469.32 2.60422e-06
2469.35 3.51866e-06
2469.39 4.71973e-06
2469.43 6.28504e-06
2469.47 8.3085e-06
2469.51 1.0904e-05
2469.55 1.42065e-05
2469.58 1.83759e-05
2469.62 2.35978e-05
2469.66 3.00848e-05
2469.7 3.80795e-05
2469.74 4.78516e-05
2469.78 5.97e-05
2469.82 7.39493e-05
2469.85 9.0941e-05
2469.89 0.000111041
2469.93 0.000134612
2469.97 0.000162031
2470.01 0.000193637
2470.05 0.00022977
2470.09 0.000270712
2470.12 0.000316693
2470.16 0.000367859
2470.2 0.000424287
2470.24 0.000485935
2470.28 0.000552626
2470.32 0.000624086
2470.35 0.000699885
2470.39 0.000779405
2470.43 0.000861954
2470.47 0.000946713
2470.51 0.00103263
2470.55 0.0011187
2470.59 0.00120376
2470.62 0.0012865
2470.66 0.00136583
2470.7 0.00144043
2470.74 0.00150919
2470.78 0.00157102
2470.82 0.001625
2470.86 0.00167036
2470.89 0.00170646
2470.93 0.00173291
2470.97 0.00174955
2471.01 0.00175645
2471.05 0.00175388
2471.09 0.00174235
2471.12 0.00172245
2471.16 0.00169527
2471.2 0.00166162
2471.24 0.00162281
2471.28 0.00158002
2471.32 0.00153457
2471.36 0.00148778
2471.39 0.00144098
2471.43 0.00139558
2471.47 0.00135274
2471.51 0.00131375
2471.55 0.00127972
2471.59 0.00125175
2471.62 0.00123066
2471.66 0.00121747
2471.7 0.00121279
2471.74 0.00121733
2471.78 0.00123163
2471.82 0.0012561
2471.86 0.00129096
2471.89 0.0013364
2471.93 0.00139244
2471.97 0.00145901
2472.01 0.00153574
2472.05 0.00162231
2472.09 0.00171806
2472.13 0.00182234
2472.16 0.00193432
2472.2 0.00205289
2472.24 0.00217705
2472.28 0.00230552
2472.32 0.00243691
2472.36 0.00257004
2472.39 0.00270323
2472.43 0.00283518
2472.47 0.00296437
2472.51 0.0030893
2472.55 0.00320856
2472.59 0.00332079
2472.63 0.0034245
2472.66 0.00351859
2472.7 0.00360182
2472.74 0.00367306
2472.78 0.00373144
2472.82 0.00377595
2472.86 0.00380604
2472.9 0.00382106
2472.93 0.00382061
2472.97 0.0038045
2473.01 0.00377277
2473.05 0.0037255
2473.09 0.00366325
2473.13 0.0035866
2473.16 0.00349646
2473.2 0.00339394
2473.24 0.00328038
2473.28 0.00315726
2473.32 0.00302628
2473.36 0.00288926
2473.4 0.00274808
2473.43 0.00260468
2473.47 0.00246099
2473.51 0.00231893
2473.55 0.00218028
2473.59 0.00204673
2473.63 0.00191968
2473.67 0.00180051
2473.7 0.00169009
2473.74 0.00158921
2473.78 0.00149844
2473.82 0.00141792
2473.86 0.00134769
2473.9 0.00128746
2473.93 0.00123672
2473.97 0.0011948
2474.01 0.00116091
2474.05 0.00113408
2474.09 0.00111328
2474.13 0.00109753
2474.17 0.00108573
2474.2 0.00107687
2474.24 0.00106998
2474.28 0.00106423
2474.32 0.00105883
2474.36 0.00105317
2474.4 0.00104674
2474.44 0.00103917
2474.47 0.00103022
2474.51 0.00101978
2474.55 0.00100785
2474.59 0.000994538
2474.63 0.000980014
2474.67 0.000964513
2474.7 0.000948322
2474.74 0.000931737
2474.78 0.000915068
2474.82 0.000898626
2474.86 0.000882676
2474.9 0.000867461
2474.94 0.000853182
2474.97 0.000839991
2475.01 0.000828005
2475.05 0.000817272
2475.09 0.000807816
2475.13 0.000799617
2475.17 0.000792612
2475.21 0.000786729
2475.24 0.00078186
2475.28 0.000777909
2475.32 0.000774752
2475.36 0.000772281
2475.4 0.000770376
2475.44 0.000768954
2475.47 0.000767929
2475.51 0.000767221
2475.55 0.000766775
2475.59 0.000766555
2475.63 0.000766529
2475.67 0.000766675
2475.71 0.000766983
2475.74 0.000767461
2475.78 0.000768113
2475.82 0.000768951
2475.86 0.00076998
2475.9 0.000771229
2475.94 0.000772709
2475.98 0.000774443
2476.01 0.000776437
2476.05 0.00077872
2476.09 0.000781316
2476.13 0.000784223
2476.17 0.000787478
2476.21 0.00079109
2476.24 0.000795091
2476.28 0.000799478
2476.32 0.000804299
2476.36 0.000809539
2476.4 0.000815219
2476.44 0.00082136
2476.48 0.000827955
2476.51 0.000835009
2476.55 0.000842497
2476.59 0.000850426
2476.63 0.000858765
2476.67 0.000867461
2476.71 0.0008765
2476.75 0.000885812
2476.78 0.000895354
2476.82 0.000905049
2476.86 0.000914827
2476.9 0.000924632
2476.94 0.000934368
2476.98 0.000943968
2477.01 0.000953352
2477.05 0.000962456
2477.09 0.000971216
2477.13 0.000979562
2477.17 0.000987452
2477.21 0.000994845
2477.25 0.00100171
2477.28 0.00100804
2477.32 0.0010138
2477.36 0.00101903
2477.4 0.00102374
2477.44 0.00102796
2477.48 0.00103171
2477.52 0.00103504
2477.55 0.00103802
2477.59 0.00104068
2477.63 0.00104307
2477.67 0.00104526
2477.71 0.00104729
2477.75 0.0010492
2477.78 0.00105102
2477.82 0.00105282
2477.86 0.00105457
2477.9 0.00105632
2477.94 0.00105809
2477.98 0.00105984
2478.02 0.0010616
2478.05 0.00106335
2478.09 0.0010651
2478.13 0.00106683
2478.17 0.00106854
2478.21 0.00107024
2478.25 0.00107192
2478.29 0.00107362
2478.32 0.00107535
2478.36 0.00107716
2478.4 0.00107908
2478.44 0.00108116
2478.48 0.00108348
2478.52 0.00108609
2478.55 0.00108907
2478.59 0.00109247
2478.63 0.00109638
2478.67 0.00110086
2478.71 0.00110595
2478.75 0.00111171
2478.79 0.00111817
2478.82 0.00112535
2478.86 0.00113327
2478.9 0.0011419
2478.94 0.00115122
2478.98 0.0011612
2479.02 0.00117177
2479.06 0.00118287
2479.09 0.00119443
2479.13 0.00120636
2479.17 0.00121858
2479.21 0.001231
2479.25 0.00124353
2479.29 0.00125607
2479.32 0.00126857
2479.36 0.00128095
2479.4 0.00129315
2479.44 0.00130513
2479.48 0.00131685
2479.52 0.00132829
2479.56 0.00133944
2479.59 0.0013503
2479.63 0.00136087
2479.67 0.00137118
2479.71 0.00138124
2479.75 0.00139109
2479.79 0.00140072
2479.83 0.00141018
2479.86 0.00141947
2479.9 0.0014286
2479.94 0.00143758
2479.98 0.00144639
2480.02 0.00145502
2480.06 0.00146345
2480.09 0.00147163
2480.13 0.00147952
2480.17 0.00148706
2480.21 0.00149421
2480.25 0.0015009
2480.29 0.00150707
2480.33 0.00151265
2480.36 0.0015176
2480.4 0.00152185
2480.44 0.00152537
2480.48 0.0015281
2480.52 0.00153003
2480.56 0.00153113
2480.6 0.00153139
2480.63 0.00153081
2480.67 0.0015294
2480.71 0.00152717
2480.75 0.00152414
2480.79 0.00152035
2480.83 0.00151581
2480.86 0.00151057
2480.9 0.00150467
2480.94 0.00149813
2480.98 0.00149101
2481.02 0.00148333
2481.06 0.00147512
2481.1 0.00146645
2481.13 0.00145731
2481.17 0.00144777
2481.21 0.00143785
2481.25 0.00142758
2481.29 0.00141701
2481.33 0.00140618
2481.37 0.00139513
2481.4 0.0013839
2481.44 0.00137256
2481.48 0.00136115
2481.52 0.00134974
2481.56 0.00133838
2481.6 0.00132714
2481.64 0.00131609
2481.67 0.00130529
2481.71 0.00129482
2481.75 0.00128473
2481.79 0.00127506
2481.83 0.00126588
2481.87 0.00125725
2481.9 0.00124919
2481.94 0.00124173
2481.98 0.00123488
2482.02 0.00122866
2482.06 0.00122308
2482.1 0.00121812
2482.14 0.00121377
2482.17 0.00121001
2482.21 0.00120681
2482.25 0.00120412
2482.29 0.00120191
2482.33 0.00120016
2482.37 0.00119881
2482.41 0.00119782
2482.44 0.00119716
2482.48 0.00119679
2482.52 0.00119668
2482.56 0.00119677
2482.6 0.00119707
2482.64 0.00119751
2482.67 0.00119811
2482.71 0.00119879
2482.75 0.00119956
2482.79 0.0012004
2482.83 0.00120127
2482.87 0.00120215
2482.91 0.00120301
2482.94 0.00120384
2482.98 0.00120461
2483.02 0.00120531
2483.06 0.0012059
2483.1 0.00120639
2483.14 0.00120673
2483.18 0.00120694
2483.21 0.001207
2483.25 0.0012069
2483.29 0.00120666
2483.33 0.00120628
2483.37 0.00120575
2483.41 0.00120511
2483.44 0.00120438
2483.48 0.00120358
2483.52 0.00120273
2483.56 0.00120185
2483.6 0.00120098
2483.64 0.00120016
2483.68 0.00119938
2483.71 0.00119869
2483.75 0.0011981
2483.79 0.00119762
2483.83 0.00119724
2483.87 0.00119698
2483.91 0.00119683
2483.95 0.00119677
2483.98 0.00119679
2484.02 0.00119685
2484.06 0.00119692
2484.1 0.00119698
2484.14 0.00119699
2484.18 0.00119691
2484.21 0.00119671
2484.25 0.00119636
2484.29 0.00119582
2484.33 0.00119507
2484.37 0.0011941
2484.41 0.00119289
2484.45 0.00119146
2484.48 0.00118978
2484.52 0.0011879
2484.56 0.00118582
2484.6 0.00118359
2484.64 0.00118122
2484.68 0.00117878
2484.72 0.0011763
2484.75 0.00117385
2484.79 0.00117147
2484.83 0.0011692
2484.87 0.0011671
2484.91 0.00116523
2484.95 0.00116362
2484.98 0.00116232
2485.02 0.00116136
2485.06 0.00116078
2485.1 0.00116059
2485.14 0.00116083
2485.18 0.00116149
2485.22 0.00116259
2485.25 0.00116413
2485.29 0.00116611
2485.33 0.00116853
2485.37 0.00117137
2485.41 0.0011746
2485.45 0.00117821
2485.49 0.00118219
2485.52 0.00118649
2485.56 0.0011911
2485.6 0.00119597
2485.64 0.00120108
2485.68 0.00120636
2485.72 0.0012118
2485.75 0.00121733
2485.79 0.00122292
2485.83 0.0012285
2485.87 0.00123403
2485.91 0.00123946
2485.95 0.00124473
2485.99 0.00124979
2486.02 0.00125459
2486.06 0.00125908
2486.1 0.00126323
2486.14 0.00126699
2486.18 0.00127032
2486.22 0.0012732
2486.26 0.00127562
2486.29 0.00127754
2486.33 0.00127895
2486.37 0.00127987
2486.41 0.00128029
2486.45 0.00128022
2486.49 0.00127968
2486.52 0.00127868
2486.56 0.00127728
2486.6 0.00127547
2486.64 0.00127332
2486.68 0.00127086
2486.72 0.00126811
2486.76 0.00126513
2486.79 0.00126195
2486.83 0.00125861
2486.87 0.00125514
2486.91 0.00125158
2486.95 0.00124796
2486.99 0.0012443
2487.03 0.00124064
2487.06 0.00123697
2487.1 0.00123332
2487.14 0.00122971
2487.18 0.00122613
2487.22 0.0012226
2487.26 0.00121911
2487.29 0.00121568
2487.33 0.00121229
2487.37 0.00120897
2487.41 0.00120569
2487.45 0.00120248
2487.49 0.00119934
2487.53 0.00119626
2487.56 0.00119328
2487.6 0.00119036
2487.64 0.00118757
2487.68 0.00118489
2487.72 0.00118235
2487.76 0.00117994
2487.8 0.00117771
2487.83 0.00117565
2487.87 0.00117379
2487.91 0.00117215
2487.95 0.00117072
2487.99 0.00116953
2488.03 0.00116857
2488.06 0.00116788
2488.1 0.00116742
2488.14 0.00116721
2488.18 0.00116725
2488.22 0.00116753
2488.26 0.00116803
2488.3 0.00116875
2488.33 0.00116967
2488.37 0.00117079
2488.41 0.00117206
2488.45 0.00117349
2488.49 0.00117503
2488.53 0.00117667
2488.57 0.0011784
2488.6 0.00118016
2488.64 0.00118196
2488.68 0.00118375
2488.72 0.00118552
2488.76 0.00118723
2488.8 0.00118887
2488.83 0.00119041
2488.87 0.00119184
2488.91 0.00119312
2488.95 0.00119422
2488.99 0.00119516
2489.03 0.00119589
2489.07 0.00119642
2489.1 0.00119674
2489.14 0.00119683
2489.18 0.00119669
2489.22 0.00119633
2489.26 0.00119575
2489.3 0.00119497
2489.34 0.00119399
2489.37 0.00119283
2489.41 0.0011915
2489.45 0.00119003
2489.49 0.00118845
2489.53 0.00118679
2489.57 0.00118506
2489.6 0.0011833
2489.64 0.00118153
2489.68 0.00117979
2489.72 0.0011781
2489.76 0.00117648
2489.8 0.00117495
2489.84 0.00117353
2489.87 0.00117225
2489.91 0.00117109
2489.95 0.0011701
2489.99 0.00116924
2490.03 0.00116854
2490.07 0.00116799
2490.11 0.00116757
2490.14 0.00116728
2490.18 0.0011671
2490.22 0.00116701
2490.26 0.00116701
2490.3 0.00116705
2490.34 0.00116713
2490.37 0.00116722
2490.41 0.00116729
2490.45 0.00116734
2490.49 0.00116733
2490.53 0.00116724
2490.57 0.00116706
2490.61 0.00116678
2490.64 0.00116638
2490.68 0.00116585
2490.72 0.00116518
2490.76 0.00116437
2490.8 0.00116342
2490.84 0.00116232
2490.88 0.00116108
2490.91 0.00115972
2490.95 0.00115824
2490.99 0.00115665
2491.03 0.00115496
2491.07 0.00115319
2491.11 0.00115136
2491.14 0.00114947
2491.18 0.00114755
2491.22 0.00114561
2491.26 0.00114366
2491.3 0.00114173
2491.34 0.00113982
2491.38 0.00113795
2491.41 0.00113612
2491.45 0.00113436
2491.49 0.00113266
2491.53 0.00113103
2491.57 0.00112949
2491.61 0.00112804
2491.64 0.00112667
2491.68 0.0011254
2491.72 0.00112424
2491.76 0.00112318
2491.8 0.00112222
2491.84 0.00112138
2491.88 0.00112065
2491.91 0.00112004
2491.95 0.00111955
2491.99 0.0011192
2492.03 0.00111897
2492.07 0.00111888
2492.11 0.00111894
2492.15 0.00111914
2492.18 0.00111948
2492.22 0.00111998
2492.26 0.00112064
2492.3 0.00112145
2492.34 0.00112243
2492.38 0.00112358
2492.41 0.00112489
2492.45 0.00112636
2492.49 0.00112799
2492.53 0.00112978
2492.57 0.00113172
2492.61 0.00113381
2492.65 0.00113604
2492.68 0.00113839
2492.72 0.00114087
2492.76 0.00114346
2492.8 0.00114615
2492.84 0.00114894
2492.88 0.0011518
2492.92 0.00115473
2492.95 0.00115773
2492.99 0.00116078
2493.03 0.00116387
2493.07 0.00116698
2493.11 0.00117014
2493.15 0.00117331
2493.18 0.00117648
2493.22 0.00117966
2493.26 0.00118284
2493.3 0.00118599
2493.34 0.00118913
2493.38 0.00119224
2493.42 0.00119531
2493.45 0.00119833
2493.49 0.00120128
2493.53 0.00120417
2493.57 0.00120697
2493.61 0.00120966
2493.65 0.00121223
2493.69 0.00121467
2493.72 0.00121697
2493.76 0.00121909
2493.8 0.00122103
2493.84 0.00122277
2493.88 0.0012243
2493.92 0.00122561
2493.95 0.00122666
2493.99 0.00122746
2494.03 0.001228
2494.07 0.00122828
2494.11 0.00122827
2494.15 0.001228
2494.19 0.00122746
2494.22 0.00122665
2494.26 0.00122559
2494.3 0.0012243
2494.34 0.00122278
2494.38 0.00122107
2494.42 0.00121918
2494.46 0.00121715
2494.49 0.001215
2494.53 0.00121276
2494.57 0.00121049
2494.61 0.0012082
2494.65 0.00120593
2494.69 0.00120372
2494.72 0.00120161
2494.76 0.00119963
2494.8 0.00119782
2494.84 0.0011962
2494.88 0.00119481
2494.92 0.00119367
2494.96 0.0011928
2494.99 0.00119222
2495.03 0.00119196
2495.07 0.001192
2495.11 0.00119237
2495.15 0.00119305
2495.19 0.00119405
2495.23 0.00119535
2495.26 0.00119694
2495.3 0.0011988
2495.34 0.0012009
2495.38 0.00120321
2495.42 0.0012057
2495.46 0.00120834
2495.49 0.00121107
2495.53 0.00121388
2495.57 0.00121671
2495.61 0.00121953
2495.65 0.0012223
2495.69 0.00122496
2495.73 0.0012275
2495.76 0.00122986
2495.8 0.00123203
2495.84 0.00123396
2495.88 0.00123562
2495.92 0.00123699
2495.96 0.00123806
2496 0.00123879
2496.03 0.00123918
2496.07 0.0012392
2496.11 0.00123886
2496.15 0.00123813
2496.19 0.00123702
2496.23 0.00123552
2496.26 0.00123364
2496.3 0.00123138
2496.34 0.00122875
2496.38 0.00122578
2496.42 0.00122245
2496.46 0.00121881
2496.5 0.00121488
2496.53 0.00121068
2496.57 0.00120626
2496.61 0.00120163
2496.65 0.00119686
2496.69 0.00119196
2496.73 0.00118699
2496.77 0.001182
2496.8 0.00117702
2496.84 0.00117211
2496.88 0.00116729
2496.92 0.00116262
2496.96 0.00115813
2497 0.00115385
2497.03 0.00114982
2497.07 0.00114605
2497.11 0.00114257
2497.15 0.00113938
2497.19 0.0011365
2497.23 0.00113394
2497.27 0.00113168
2497.3 0.00112972
2497.34 0.00112805
2497.38 0.00112665
2497.42 0.0011255
2497.46 0.00112459
2497.5 0.00112388
2497.54 0.00112335
2497.57 0.00112296
2497.61 0.0011227
2497.65 0.00112253
2497.69 0.00112242
2497.73 0.00112236
2497.77 0.00112232
2497.8 0.00112227
2497.84 0.0011222
2497.88 0.00112209
2497.92 0.00112192
2497.96 0.0011217
2498 0.00112142
2498.04 0.00112106
2498.07 0.00112064
2498.11 0.00112016
2498.15 0.00111962
2498.19 0.00111903
2498.23 0.0011184
2498.27 0.00111774
2498.31 0.00111707
2498.34 0.00111641
2498.38 0.00111576
2498.42 0.00111513
2498.46 0.00111455
2498.5 0.00111401
2498.54 0.00111353
2498.57 0.00111312
2498.61 0.00111277
2498.65 0.00111249
2498.69 0.00111229
2498.73 0.00111215
2498.77 0.00111208
2498.81 0.00111206
2498.84 0.00111208
2498.88 0.00111213
2498.92 0.0011122
2498.96 0.00111228
2499 0.00111234
2499.04 0.00111238
2499.08 0.0011124
2499.11 0.00111236
2499.15 0.00111227
2499.19 0.00111212
2499.23 0.00111189
2499.27 0.0011116
2499.31 0.00111125
2499.34 0.00111083
2499.38 0.00111036
2499.42 0.00110984
2499.46 0.00110928
2499.5 0.0011087
2499.54 0.00110811
2499.58 0.00110753
2499.61 0.00110698
2499.65 0.00110645
2499.69 0.00110598
2499.73 0.00110556
2499.77 0.00110523
2499.81 0.00110496
2499.85 0.00110477
2499.88 0.00110467
2499.92 0.00110463
2499.96 0.00110468
2500 0.00110478
2500.04 0.00110492
2500.08 0.00110509
2500.11 0.00110527
2500.15 0.00110543
2500.19 0.00110557
2500.23 0.00110562
2500.27 0.00110561
2500.31 0.00110547
2500.35 0.0011052
2500.38 0.00110479
2500.42 0.00110419
2500.46 0.00110342
